1	0	69	46	1
1	13	72	45	1
1	26	71	119	1
1	38	71	48	1
1	51	102	210	1
1	64	109	260	1
1	76	106	180	1
1	90	107	173	1
1	103	133	174	1
1	116	194	173	1
1	128	197	177	1
1	141	157	115	1
1	154	146	102	1
1	166	46	71	1
1	180	45	75	1
2	0	70	45	1
2	13	73	45	1
2	26	72	119	1
2	38	71	47	1
2	51	101	273	1
2	64	106	259	1
2	76	106	246	1
2	90	108	175	1
2	103	132	172	1
2	116	194	174	1
2	128	196	248	1
2	141	0	108	1
2	154	47	102	1
2	166	46	71	1
2	180	45	75	1
3	0	70	46	1
3	13	73	45	1
3	26	71	120	1
3	38	70	47	1
3	51	100	210	1
3	64	106	260	1
3	76	106	246	1
3	90	107	173	1
3	103	133	172	1
3	116	194	174	1
3	128	195	132	1
3	141	230	107	1
3	154	147	102	1
3	166	46	72	1
3	180	45	70	1
4	0	70	46	1
4	13	72	45	1
4	26	72	119	1
4	38	69	47	1
4	51	100	275	1
4	64	107	260	1
4	76	105	172	1
4	90	108	171	1
4	103	131	172	1
4	116	194	173	1
4	128	195	177	1
4	141	156	108	1
4	154	146	103	1
4	166	46	71	1
4	180	45	75	1
5	0	69	46	1
5	13	73	45	1
5	26	71	119	1
5	38	70	48	1
5	51	101	275	1
5	64	107	261	1
5	76	107	179	1
5	90	130	171	1
5	103	131	174	1
5	116	193	174	1
5	128	195	176	1
5	141	0	109	1
5	154	47	102	1
5	166	46	71	1
5	180	45	70	1
6	0	69	46	1
6	13	73	45	1
6	26	71	119	1
6	38	69	47	1
6	51	101	211	1
6	64	107	260	1
6	76	106	177	1
6	90	106	171	1
6	103	131	171	1
6	116	194	174	1
6	128	195	175	1
6	141	155	108	1
6	154	146	103	1
6	166	46	71	1
6	180	45	75	1
7	0	70	46	1
7	13	73	45	1
7	26	72	119	1
7	38	70	47	1
7	51	101	210	1
7	64	107	262	1
7	76	107	178	1
7	90	131	172	1
7	103	131	171	1
7	116	194	176	1
7	128	195	175	1
7	141	0	109	1
7	154	47	102	1
7	166	46	72	1
7	180	45	75	1
8	0	69	46	1
8	13	72	45	1
8	26	71	119	1
8	38	71	47	1
8	51	100	211	1
8	64	107	248	1
8	76	107	180	1
8	90	109	170	1
8	103	133	172	1
8	116	195	176	1
8	128	195	178	1
8	141	158	114	1
8	154	146	102	1
8	166	46	71	1
8	180	45	71	1
11	0	61	45	2
11	13	61	45	2
11	26	61	46	2
11	38	61	61	2
11	51	64	61	2
11	64	103	63	2
11	76	102	276	2
11	90	104	201	2
11	103	126	97	2
11	116	146	88	2
11	128	142	90	2
11	141	140	82	2
11	154	139	82	2
11	166	45	64	2
11	180	45	61	2
12	0	61	45	2
12	13	60	45	2
12	26	61	46	2
12	38	62	62	2
12	51	64	61	2
12	64	102	62	2
12	76	101	203	2
12	90	103	201	2
12	103	105	93	2
12	116	145	86	2
12	128	166	87	2
12	141	140	82	2
12	154	139	82	2
12	166	46	64	2
12	180	45	61	2
13	0	61	45	2
13	13	61	45	2
13	26	61	46	2
13	38	61	61	2
13	51	64	62	2
13	64	102	62	2
13	76	103	274	2
13	90	104	202	2
13	103	129	201	2
13	116	165	130	2
13	128	166	88	2
13	141	142	81	2
13	154	140	82	2
13	166	45	63	2
13	180	45	61	2
14	0	61	45	2
14	13	60	46	2
14	26	61	46	2
14	38	62	62	2
14	51	64	62	2
14	64	102	62	2
14	76	102	273	2
14	90	104	200	2
14	103	106	200	2
14	116	165	86	2
14	128	165	88	2
14	141	140	81	2
14	154	139	82	2
14	166	47	64	2
14	180	45	61	2
15	0	61	45	2
15	13	60	45	2
15	26	61	46	2
15	38	61	61	2
15	51	64	61	2
15	64	102	63	2
15	76	103	274	2
15	90	105	204	2
15	103	105	96	2
15	116	165	85	2
15	128	165	88	2
15	141	140	82	2
15	154	140	82	2
15	166	45	63	2
15	180	45	61	2
16	0	61	45	2
16	13	60	45	2
16	26	61	46	2
16	38	61	61	2
16	51	64	62	2
16	64	102	63	2
16	76	105	273	2
16	90	104	200	2
16	103	125	201	2
16	116	164	91	2
16	128	143	88	2
16	141	140	81	2
16	154	139	82	2
16	166	45	64	2
16	180	45	61	2
18	0	61	45	2
18	13	61	45	2
18	26	61	46	2
18	38	62	62	2
18	51	64	62	2
18	64	103	62	2
18	76	104	202	2
18	90	104	200	2
18	103	126	201	2
18	116	144	94	2
18	128	165	87	2
18	141	140	82	2
18	154	139	82	2
18	166	45	64	2
18	180	45	61	2
20	0	56	194	3
20	13	55	88	3
20	26	55	90	3
20	38	57	173	3
20	51	87	86	3
20	64	78	86	3
20	76	77	86	3
20	90	87	89	3
20	103	91	90	3
20	116	112	93	3
20	128	116	93	3
20	141	135	94	3
20	154	198	91	3
20	166	195	58	3
20	180	195	56	3
21	0	56	195	3
21	13	56	175	3
21	26	56	174	3
21	38	57	87	3
21	51	87	88	3
21	64	77	86	3
21	76	78	86	3
21	90	88	88	3
21	103	102	90	3
21	116	111	91	3
21	128	113	92	3
21	141	135	89	3
21	154	200	90	3
21	166	196	58	3
21	180	194	56	3
22	0	56	194	3
22	13	56	176	3
22	26	55	87	3
22	38	57	89	3
22	51	86	88	3
22	64	78	87	3
22	76	77	86	3
22	90	87	88	3
22	103	102	91	3
22	116	111	90	3
22	128	114	92	3
22	141	135	93	3
22	154	201	87	3
22	166	195	59	3
22	180	194	56	3
23	0	56	194	3
23	13	55	90	3
23	26	56	89	3
23	38	57	89	3
23	51	87	88	3
23	64	78	86	3
23	76	79	87	3
23	90	88	87	3
23	103	101	91	3
23	116	107	90	3
23	128	111	91	3
23	141	135	89	3
23	154	203	86	3
23	166	195	59	3
23	180	194	55	3
24	0	56	194	3
24	13	55	88	3
24	26	55	172	3
24	38	57	87	3
24	51	86	86	3
24	64	78	87	3
24	76	79	86	3
24	90	88	87	3
24	103	104	88	3
24	116	101	90	3
24	128	113	92	3
24	141	138	94	3
24	154	200	90	3
24	166	194	58	3
24	180	194	56	3
25	0	57	194	3
25	13	55	93	3
25	26	56	88	3
25	38	57	88	3
25	51	86	89	3
25	64	79	86	3
25	76	79	86	3
25	90	87	88	3
25	103	105	89	3
25	116	106	90	3
25	128	112	93	3
25	141	136	94	3
25	154	200	88	3
25	166	195	58	3
25	180	195	57	3
26	0	56	195	3
26	13	56	88	3
26	26	56	88	3
26	38	57	90	3
26	51	86	86	3
26	64	77	86	3
26	76	78	86	3
26	90	87	86	3
26	103	104	90	3
26	116	108	90	3
26	128	112	93	3
26	141	134	93	3
26	154	196	98	3
26	166	196	58	3
26	180	195	56	3
27	0	57	194	3
27	13	56	88	3
27	26	56	89	3
27	38	57	88	3
27	51	59	87	3
27	64	78	86	3
27	76	77	86	3
27	90	87	89	3
27	103	104	89	3
27	116	100	90	3
27	128	114	94	3
27	141	137	94	3
27	154	200	98	3
27	166	196	59	3
27	180	195	56	3
29	0	51	195	4
29	13	51	93	4
29	26	51	94	4
29	38	52	89	4
29	51	53	87	4
29	64	60	95	4
29	76	61	112	4
29	90	83	114	4
29	103	82	114	4
29	116	83	122	4
29	128	84	116	4
29	141	105	88	4
29	154	302	117	4
29	166	195	53	4
29	180	194	52	4
30	0	51	196	4
30	13	51	94	4
30	26	51	92	4
30	38	53	91	4
30	51	54	91	4
30	64	60	97	4
30	76	62	111	4
30	90	84	113	4
30	103	83	114	4
30	116	84	121	4
30	128	85	115	4
30	141	104	86	4
30	154	109	86	4
30	166	196	54	4
30	180	195	51	4
31	0	51	195	4
31	13	51	93	4
31	26	51	91	4
31	38	52	91	4
31	51	53	92	4
31	64	60	95	4
31	76	61	112	4
31	90	84	112	4
31	103	82	114	4
31	116	83	120	4
31	128	85	117	4
31	141	105	93	4
31	154	107	90	4
31	166	196	54	4
31	180	195	51	4
32	0	51	195	4
32	13	51	94	4
32	26	51	91	4
32	38	52	91	4
32	51	53	89	4
32	64	57	96	4
32	76	62	112	4
32	90	83	112	4
32	103	82	115	4
32	116	83	121	4
32	128	83	87	4
32	141	105	89	4
32	154	107	117	4
32	166	197	53	4
32	180	194	51	4
33	0	52	195	4
33	13	51	95	4
33	26	51	90	4
33	38	53	88	4
33	51	53	89	4
33	64	60	112	4
33	76	62	112	4
33	90	83	113	4
33	103	82	115	4
33	116	83	121	4
33	128	85	116	4
33	141	108	89	4
33	154	107	87	4
33	166	195	53	4
33	180	194	52	4
34	0	51	195	4
34	13	51	97	4
34	26	51	93	4
34	38	52	89	4
34	51	54	89	4
34	64	60	95	4
34	76	62	112	4
34	90	83	112	4
34	103	82	113	4
34	116	83	121	4
34	128	85	88	4
34	141	105	90	4
34	154	106	89	4
34	166	196	54	4
34	180	195	51	4
35	0	52	195	4
35	13	51	93	4
35	26	51	90	4
35	38	52	89	4
35	51	53	89	4
35	64	60	95	4
35	76	61	112	4
35	90	84	112	4
35	103	82	113	4
35	116	82	119	4
35	128	84	115	4
35	141	106	90	4
35	154	107	87	4
35	166	198	53	4
35	180	195	51	4
36	0	51	197	4
36	13	51	93	4
36	26	51	91	4
36	38	52	94	4
36	51	53	89	4
36	64	61	95	4
36	76	62	112	4
36	90	83	113	4
36	103	83	115	4
36	116	82	120	4
36	128	84	117	4
36	141	106	87	4
36	154	107	117	4
36	166	197	53	4
36	180	194	51	4
38	0	52	195	4
38	13	51	93	4
38	26	51	91	4
38	38	53	89	4
38	51	54	88	4
38	64	61	113	4
38	76	62	113	4
38	90	83	113	4
38	103	82	115	4
38	116	82	122	4
38	128	84	115	4
38	141	105	92	4
38	154	300	91	4
38	166	197	53	4
38	180	194	51	4
39	0	52	195	4
39	13	51	95	4
39	26	51	92	4
39	38	53	89	4
39	51	53	91	4
39	64	60	114	4
39	76	62	113	4
39	90	84	115	4
39	103	82	113	4
39	116	82	120	4
39	128	85	115	4
39	141	105	87	4
39	154	106	117	4
39	166	195	54	4
39	180	194	51	4
40	0	52	196	4
40	13	51	96	4
40	26	51	90	4
40	38	53	89	4
40	51	54	87	4
40	64	60	112	4
40	76	62	111	4
40	90	84	113	4
40	103	83	114	4
40	116	82	120	4
40	128	85	89	4
40	141	106	117	4
40	154	106	117	4
40	166	198	53	4
40	180	195	52	4
42	0	160	196	5
42	13	42	194	5
42	26	42	197	5
42	38	39	98	5
42	51	39	95	5
42	64	77	95	5
42	76	75	94	5
42	90	73	97	5
42	103	54	143	5
42	116	55	104	5
42	128	55	97	5
42	141	125	97	5
42	154	125	150	5
42	166	195	193	5
42	180	195	106	5
46	0	157	196	5
46	13	42	194	5
46	26	43	196	5
46	38	39	117	5
46	51	40	96	5
46	64	76	93	5
46	76	74	94	5
46	90	57	97	5
46	103	53	141	5
46	116	54	101	5
46	128	55	99	5
46	141	124	99	5
46	154	125	150	5
46	166	201	193	5
46	180	195	91	5
47	0	99	195	5
47	13	42	195	5
47	26	43	196	5
47	38	39	115	5
47	51	39	96	5
47	64	77	94	5
47	76	74	95	5
47	90	73	99	5
47	103	54	142	5
47	116	54	105	5
47	128	55	98	5
47	141	125	99	5
47	154	129	150	5
47	166	200	194	5
47	180	195	106	5
48	0	157	197	5
48	13	42	196	5
48	26	43	195	5
48	38	38	116	5
48	51	40	97	5
48	64	77	93	5
48	76	74	94	5
48	90	73	97	5
48	103	54	143	5
48	116	55	103	5
48	128	55	98	5
48	141	125	99	5
48	154	126	150	5
48	166	196	194	5
48	180	195	104	5
49	0	157	196	5
49	13	42	194	5
49	26	42	197	5
49	38	38	116	5
49	51	41	95	5
49	64	77	95	5
49	76	75	94	5
49	90	74	95	5
49	103	55	141	5
49	116	54	102	5
49	128	56	98	5
49	141	125	98	5
49	154	126	150	5
49	166	195	193	5
49	180	196	109	5
50	0	157	196	5
50	13	42	194	5
50	26	42	196	5
50	38	38	117	5
50	51	41	95	5
50	64	77	94	5
50	76	75	94	5
50	90	73	97	5
50	103	55	141	5
50	116	55	101	5
50	128	55	100	5
50	141	126	99	5
50	154	126	150	5
50	166	201	128	5
50	180	195	106	5
53	0	158	197	5
53	13	42	194	5
53	26	44	195	5
53	38	39	114	5
53	51	39	95	5
53	64	76	93	5
53	76	74	94	5
53	90	73	97	5
53	103	53	143	5
53	116	54	103	5
53	128	55	100	5
53	141	125	98	5
53	154	125	151	5
53	166	196	192	5
53	180	195	99	5
74	0	31	76	6
74	13	30	76	6
74	26	31	76	6
74	38	31	86	6
74	51	96	88	6
74	64	94	89	6
74	76	93	207	6
74	90	93	50	6
74	103	92	50	6
74	116	94	58	6
74	128	96	54	6
74	141	111	53	6
74	154	78	53	6
74	166	76	52	6
74	180	75	32	6
75	0	32	76	6
75	13	30	76	6
75	26	31	76	6
75	38	32	79	6
75	51	95	85	6
75	64	93	88	6
75	76	94	205	6
75	90	92	50	6
75	103	92	49	6
75	116	93	56	6
75	128	96	54	6
75	141	0	53	6
75	154	75	53	6
75	166	76	51	6
75	180	76	32	6
76	0	32	76	6
76	13	31	76	6
76	26	31	75	6
76	38	31	86	6
76	51	96	86	6
76	64	93	92	6
76	76	93	206	6
76	90	93	50	6
76	103	93	49	6
76	116	92	57	6
76	128	94	54	6
76	141	112	53	6
76	154	78	53	6
76	166	77	51	6
76	180	76	31	6
77	0	32	76	6
77	13	30	76	6
77	26	31	76	6
77	38	32	87	6
77	51	99	86	6
77	64	93	92	6
77	76	92	205	6
77	90	93	50	6
77	103	92	50	6
77	116	93	58	6
77	128	95	54	6
77	141	112	53	6
77	154	78	53	6
77	166	76	50	6
77	180	75	32	6
78	0	32	75	6
78	13	30	76	6
78	26	31	77	6
78	38	32	79	6
78	51	96	86	6
78	64	94	88	6
78	76	93	206	6
78	90	92	51	6
78	103	94	49	6
78	116	94	56	6
78	128	110	55	6
78	141	110	53	6
78	154	78	53	6
78	166	77	51	6
78	180	76	31	6
79	0	32	75	6
79	13	31	75	6
79	26	31	77	6
79	38	31	80	6
79	51	96	87	6
79	64	93	88	6
79	76	93	207	6
79	90	92	50	6
79	103	92	49	6
79	116	94	58	6
79	128	97	55	6
79	141	113	53	6
79	154	79	53	6
79	166	76	51	6
79	180	76	32	6
80	0	32	75	6
80	13	31	75	6
80	26	31	77	6
80	38	31	85	6
80	51	97	87	6
80	64	94	87	6
80	76	93	181	6
80	90	92	50	6
80	103	92	50	6
80	116	94	56	6
80	128	95	54	6
80	141	111	53	6
80	154	77	54	6
80	166	76	51	6
80	180	76	31	6
81	0	32	75	6
81	13	31	76	6
81	26	31	77	6
81	38	31	85	6
81	51	95	86	6
81	64	92	87	6
81	76	93	180	6
81	90	93	50	6
81	103	92	49	6
81	116	94	57	6
81	128	99	54	6
81	141	111	53	6
81	154	78	54	6
81	166	77	51	6
81	180	76	32	6
83	0	32	75	6
83	13	30	75	6
83	26	31	76	6
83	38	31	86	6
83	51	94	85	6
83	64	94	86	6
83	76	92	206	6
83	90	93	50	6
83	103	94	49	6
83	116	94	58	6
83	128	95	54	6
83	141	111	53	6
83	154	78	53	6
83	166	75	50	6
83	180	76	32	6
84	0	31	75	6
84	13	31	75	6
84	26	31	76	6
84	38	31	84	6
84	51	98	87	6
84	64	93	87	6
84	76	92	205	6
84	90	93	50	6
84	103	92	49	6
84	116	94	57	6
84	128	94	54	6
84	141	112	53	6
84	154	78	53	6
84	166	77	51	6
84	180	76	32	6
85	0	32	75	6
85	13	31	75	6
85	26	31	76	6
85	38	31	78	6
85	51	94	88	6
85	64	92	90	6
85	76	94	207	6
85	90	92	50	6
85	103	92	50	6
85	116	94	57	6
85	128	94	54	6
85	141	110	53	6
85	154	78	53	6
85	166	76	51	6
85	180	75	32	6
86	0	32	75	6
86	13	30	75	6
86	26	31	75	6
86	38	32	80	6
86	51	95	88	6
86	64	93	87	6
86	76	93	205	6
86	90	93	50	6
86	103	93	49	6
86	116	93	56	6
86	128	96	55	6
86	141	111	53	6
86	154	79	53	6
86	166	76	51	6
86	180	75	32	6
87	0	31	75	6
87	13	31	76	6
87	26	31	76	6
87	38	32	79	6
87	51	94	87	6
87	64	93	87	6
87	76	92	180	6
87	90	92	50	6
87	103	92	49	6
87	116	93	58	6
87	128	96	54	6
87	141	112	53	6
87	154	78	53	6
87	166	76	51	6
87	180	76	32	6
88	0	32	77	6
88	13	30	75	6
88	26	31	76	6
88	38	31	79	6
88	51	96	87	6
88	64	94	87	6
88	76	92	180	6
88	90	93	50	6
88	103	92	49	6
88	116	92	56	6
88	128	95	54	6
88	141	114	53	6
88	154	78	53	6
88	166	75	51	6
88	180	76	32	6
89	0	32	75	6
89	13	30	76	6
89	26	31	76	6
89	38	31	86	6
89	51	97	86	6
89	64	94	87	6
89	76	92	180	6
89	90	92	50	6
89	103	93	50	6
89	116	93	58	6
89	128	98	55	6
89	141	110	52	6
89	154	79	53	6
89	166	76	52	6
89	180	76	31	6
90	0	32	76	6
90	13	31	75	6
90	26	31	75	6
90	38	32	87	6
90	51	95	86	6
90	64	95	88	6
90	76	92	205	6
90	90	92	50	6
90	103	93	49	6
90	116	95	58	6
90	128	95	54	6
90	141	113	53	6
90	154	80	53	6
90	166	77	51	6
90	180	76	32	6
92	0	32	76	6
92	13	30	76	6
92	26	31	75	6
92	38	31	79	6
92	51	94	86	6
92	64	93	86	6
92	76	92	208	6
92	90	93	50	6
92	103	94	49	6
92	116	93	57	6
92	128	97	55	6
92	141	111	53	6
92	154	78	53	6
92	166	75	51	6
92	180	75	32	6
93	0	32	75	6
93	13	31	75	6
93	26	31	77	6
93	38	31	78	6
93	51	97	86	6
93	64	93	87	6
93	76	92	206	6
93	90	92	50	6
93	103	93	49	6
93	116	93	57	6
93	128	95	55	6
93	141	113	53	6
93	154	79	53	6
93	166	76	51	6
93	180	76	32	6
94	0	32	76	6
94	13	30	75	6
94	26	31	77	6
94	38	31	78	6
94	51	96	88	6
94	64	93	87	6
94	76	93	207	6
94	90	93	50	6
94	103	93	49	6
94	116	93	57	6
94	128	98	55	6
94	141	112	53	6
94	154	79	53	6
94	166	77	51	6
94	180	75	32	6
96	0	27	225	7
96	13	26	110	7
96	26	26	105	7
96	38	26	105	7
96	51	277	104	7
96	64	65	104	7
96	76	63	106	7
96	90	63	81	7
96	103	63	79	7
96	116	65	86	7
96	128	78	77	7
96	141	120	81	7
96	154	228	87	7
96	166	225	141	7
96	180	225	28	7
97	0	28	225	7
97	13	25	112	7
97	26	26	106	7
97	38	27	105	7
97	51	271	105	7
97	64	64	105	7
97	76	64	107	7
97	90	63	80	7
97	103	63	80	7
97	116	65	86	7
97	128	79	78	7
97	141	120	80	7
97	154	226	89	7
97	166	226	142	7
97	180	225	27	7
98	0	28	226	7
98	13	26	88	7
98	26	26	108	7
98	38	26	106	7
98	51	268	105	7
98	64	65	105	7
98	76	64	106	7
98	90	64	79	7
98	103	64	79	7
98	116	64	84	7
98	128	79	78	7
98	141	121	81	7
98	154	226	90	7
98	166	225	0	7
98	180	224	28	7
99	0	28	225	7
99	13	26	111	7
99	26	26	106	7
99	38	26	106	7
99	51	272	105	7
99	64	65	106	7
99	76	63	106	7
99	90	64	79	7
99	103	63	79	7
99	116	64	83	7
99	128	79	78	7
99	141	120	81	7
99	154	228	97	7
99	166	225	0	7
99	180	224	28	7
100	0	28	226	7
100	13	25	108	7
100	26	26	105	7
100	38	26	105	7
100	51	269	105	7
100	64	65	105	7
100	76	63	105	7
100	90	63	80	7
100	103	63	80	7
100	116	65	82	7
100	128	80	78	7
100	141	122	82	7
100	154	340	88	7
100	166	227	143	7
100	180	225	27	7
101	0	28	226	7
101	13	25	111	7
101	26	26	106	7
101	38	27	104	7
101	51	269	104	7
101	64	65	104	7
101	76	63	107	7
101	90	64	79	7
101	103	63	79	7
101	116	65	85	7
101	128	80	79	7
101	141	121	82	7
101	154	228	89	7
101	166	227	0	7
101	180	225	27	7
102	0	27	225	7
102	13	26	92	7
102	26	26	106	7
102	38	26	105	7
102	51	277	104	7
102	64	65	104	7
102	76	64	106	7
102	90	64	80	7
102	103	63	80	7
102	116	65	83	7
102	128	78	78	7
102	141	122	81	7
102	154	229	92	7
102	166	226	0	7
102	180	225	28	7
103	0	27	225	7
103	13	25	108	7
103	26	26	108	7
103	38	26	105	7
103	51	268	104	7
103	64	65	106	7
103	76	63	105	7
103	90	63	79	7
103	103	63	81	7
103	116	65	82	7
103	128	79	78	7
103	141	121	81	7
103	154	227	86	7
103	166	225	142	7
103	180	224	28	7
105	0	27	225	7
105	13	26	108	7
105	26	26	106	7
105	38	26	105	7
105	51	268	104	7
105	64	65	104	7
105	76	64	106	7
105	90	63	79	7
105	103	63	79	7
105	116	65	82	7
105	128	79	78	7
105	141	120	81	7
105	154	228	90	7
105	166	225	111	7
105	180	225	28	7
106	0	28	226	7
106	13	25	108	7
106	26	26	106	7
106	38	26	106	7
106	51	268	104	7
106	64	65	104	7
106	76	63	105	7
106	90	63	80	7
106	103	63	80	7
106	116	64	83	7
106	128	78	78	7
106	141	121	81	7
106	154	227	86	7
106	166	226	142	7
106	180	224	27	7
107	0	27	225	7
107	13	26	110	7
107	26	26	107	7
107	38	26	104	7
107	51	279	104	7
107	64	65	106	7
107	76	64	110	7
107	90	63	79	7
107	103	64	79	7
107	116	65	83	7
107	128	78	79	7
107	141	120	80	7
107	154	227	89	7
107	166	225	143	7
107	180	224	28	7
108	0	28	225	7
108	13	25	110	7
108	26	26	89	7
108	38	26	106	7
108	51	280	104	7
108	64	64	106	7
108	76	64	106	7
108	90	63	80	7
108	103	64	79	7
108	116	64	84	7
108	128	79	78	7
108	141	122	80	7
108	154	227	88	7
108	166	224	140	7
108	180	225	27	7
109	0	28	227	7
109	13	26	224	7
109	26	26	87	7
109	38	26	105	7
109	51	278	104	7
109	64	65	105	7
109	76	63	106	7
109	90	63	79	7
109	103	64	79	7
109	116	64	85	7
109	128	79	78	7
109	141	121	81	7
109	154	226	89	7
109	166	225	0	7
109	180	225	28	7
111	0	85	163	8
111	13	85	163	8
111	26	86	164	8
111	38	87	166	8
111	51	93	194	8
111	64	97	84	8
111	76	99	82	8
111	90	103	79	8
111	103	107	79	8
111	116	131	89	8
111	128	131	115	8
111	141	152	116	8
111	154	164	89	8
111	166	164	87	8
111	180	163	85	8
112	0	86	163	8
112	13	85	163	8
112	26	85	164	8
112	38	86	165	8
112	51	93	193	8
112	64	97	89	8
112	76	99	80	8
112	90	103	79	8
112	103	108	79	8
112	116	130	91	8
112	128	132	116	8
112	141	155	115	8
112	154	167	88	8
112	166	163	87	8
112	180	164	86	8
113	0	86	163	8
113	13	85	163	8
113	26	86	164	8
113	38	87	166	8
113	51	92	195	8
113	64	96	89	8
113	76	99	81	8
113	90	102	80	8
113	103	109	80	8
113	116	130	91	8
113	128	132	116	8
113	141	152	116	8
113	154	165	90	8
113	166	164	88	8
113	180	163	87	8
114	0	87	163	8
114	13	85	115	8
114	26	86	164	8
114	38	87	165	8
114	51	94	195	8
114	64	95	86	8
114	76	99	80	8
114	90	103	78	8
114	103	111	79	8
114	116	130	91	8
114	128	131	116	8
114	141	153	120	8
114	154	166	88	8
114	166	164	88	8
114	180	164	85	8
115	0	85	163	8
115	13	85	163	8
115	26	85	164	8
115	38	86	167	8
115	51	93	198	8
115	64	96	84	8
115	76	99	80	8
115	90	102	80	8
115	103	105	79	8
115	116	130	88	8
115	128	132	116	8
115	141	155	118	8
115	154	166	88	8
115	166	164	88	8
115	180	163	86	8
116	0	87	164	8
116	13	86	163	8
116	26	85	164	8
116	38	86	165	8
116	51	92	86	8
116	64	97	85	8
116	76	97	81	8
116	90	104	79	8
116	103	107	80	8
116	116	130	90	8
116	128	131	117	8
116	141	154	116	8
116	154	165	90	8
116	166	164	91	8
116	180	163	87	8
117	0	87	163	8
117	13	86	163	8
117	26	85	164	8
117	38	86	167	8
117	51	89	196	8
117	64	96	90	8
117	76	102	81	8
117	90	102	80	8
117	103	104	80	8
117	116	130	88	8
117	128	130	118	8
117	141	154	116	8
117	154	166	89	8
117	166	164	86	8
117	180	163	86	8
118	0	85	163	8
118	13	86	163	8
118	26	86	164	8
118	38	86	165	8
118	51	91	194	8
118	64	94	84	8
118	76	101	80	8
118	90	102	80	8
118	103	106	78	8
118	116	129	89	8
118	128	131	115	8
118	141	153	115	8
118	154	165	89	8
118	166	163	86	8
118	180	163	87	8
120	0	86	163	8
120	13	86	163	8
120	26	86	121	8
120	38	86	166	8
120	51	92	90	8
120	64	96	84	8
120	76	98	81	8
120	90	102	79	8
120	103	110	79	8
120	116	130	88	8
120	128	131	116	8
120	141	152	116	8
120	154	165	120	8
120	166	164	86	8
120	180	163	86	8
121	0	87	163	8
121	13	86	163	8
121	26	86	163	8
121	38	87	168	8
121	51	92	195	8
121	64	94	89	8
121	76	99	81	8
121	90	104	79	8
121	103	105	80	8
121	116	129	87	8
121	128	130	116	8
121	141	155	121	8
121	154	166	89	8
121	166	164	87	8
121	180	163	87	8
122	0	86	163	8
122	13	86	163	8
122	26	86	165	8
122	38	87	166	8
122	51	90	194	8
122	64	95	84	8
122	76	97	81	8
122	90	103	78	8
122	103	111	79	8
122	116	130	87	8
122	128	132	120	8
122	141	154	118	8
122	154	166	88	8
122	166	166	87	8
122	180	163	85	8
123	0	86	163	8
123	13	85	163	8
123	26	86	164	8
123	38	87	166	8
123	51	94	89	8
123	64	95	87	8
123	76	100	80	8
123	90	101	78	8
123	103	105	80	8
123	116	130	86	8
123	128	131	116	8
123	141	153	116	8
123	154	166	89	8
123	166	164	86	8
123	180	162	85	8
124	0	86	163	8
124	13	85	166	8
124	26	86	165	8
124	38	87	166	8
124	51	93	196	8
124	64	96	93	8
124	76	99	81	8
124	90	103	80	8
124	103	104	80	8
124	116	131	85	8
124	128	131	115	8
124	141	154	118	8
124	154	167	89	8
124	166	166	86	8
124	180	163	86	8
125	0	87	163	8
125	13	85	163	8
125	26	85	166	8
125	38	87	166	8
125	51	92	198	8
125	64	96	90	8
125	76	99	80	8
125	90	104	78	8
125	103	104	80	8
125	116	130	89	8
125	128	132	116	8
125	141	152	118	8
125	154	165	120	8
125	166	163	86	8
125	180	163	85	8
126	0	87	163	8
126	13	85	163	8
126	26	85	164	8
126	38	86	166	8
126	51	93	193	8
126	64	97	86	8
126	76	98	81	8
126	90	102	78	8
126	103	105	78	8
126	116	131	90	8
126	128	130	115	8
126	141	153	117	8
126	154	166	119	8
126	166	164	88	8
126	180	163	86	8
127	0	87	163	8
127	13	86	163	8
127	26	86	166	8
127	38	86	165	8
127	51	91	197	8
127	64	96	84	8
127	76	97	81	8
127	90	101	79	8
127	103	107	80	8
127	116	129	87	8
127	128	131	117	8
127	141	153	116	8
127	154	168	92	8
127	166	164	87	8
127	180	162	85	8
129	0	85	163	8
129	13	85	163	8
129	26	85	164	8
129	38	87	166	8
129	51	94	201	8
129	64	95	84	8
129	76	101	82	8
129	90	102	79	8
129	103	104	80	8
129	116	129	86	8
129	128	130	116	8
129	141	155	116	8
129	154	166	91	8
129	166	164	88	8
129	180	164	85	8
130	0	86	164	8
130	13	85	164	8
130	26	86	164	8
130	38	86	166	8
130	51	91	194	8
130	64	95	85	8
130	76	97	81	8
130	90	101	80	8
130	103	107	79	8
130	116	130	85	8
130	128	131	116	8
130	141	153	117	8
130	154	166	90	8
130	166	164	87	8
130	180	164	87	8
131	0	85	163	8
131	13	85	163	8
131	26	86	164	8
131	38	87	166	8
131	51	91	196	8
131	64	96	84	8
131	76	97	82	8
131	90	102	80	8
131	103	111	80	8
131	116	129	84	8
131	128	132	116	8
131	141	153	116	8
131	154	165	89	8
131	166	164	88	8
131	180	163	85	8
133	0	81	165	9
133	13	82	166	9
133	26	79	99	9
133	38	80	99	9
133	51	83	97	9
133	64	85	109	9
133	76	102	107	9
133	90	100	57	9
133	103	101	107	9
133	116	100	108	9
133	128	100	112	9
133	141	102	131	9
133	154	105	134	9
133	166	164	84	9
133	180	166	81	9
134	0	81	165	9
134	13	82	167	9
134	26	82	100	9
134	38	79	101	9
134	51	83	100	9
134	64	85	108	9
134	76	101	107	9
134	90	100	58	9
134	103	101	108	9
134	116	100	109	9
134	128	104	111	9
134	141	101	132	9
134	154	104	134	9
134	166	165	83	9
134	180	164	81	9
135	0	81	164	9
135	13	82	165	9
135	26	79	98	9
135	38	80	99	9
135	51	84	101	9
135	64	86	108	9
135	76	102	106	9
135	90	100	57	9
135	103	101	109	9
135	116	102	109	9
135	128	100	110	9
135	141	100	130	9
135	154	165	134	9
135	166	165	84	9
135	180	164	82	9
136	0	81	164	9
136	13	81	102	9
136	26	80	99	9
136	38	80	97	9
136	51	83	98	9
136	64	84	102	9
136	76	101	105	9
136	90	100	58	9
136	103	101	106	9
136	116	99	108	9
136	128	99	111	9
136	141	100	133	9
136	154	103	134	9
136	166	165	83	9
136	180	165	82	9
137	0	81	166	9
137	13	81	165	9
137	26	79	100	9
137	38	79	98	9
137	51	85	101	9
137	64	85	108	9
137	76	102	108	9
137	90	102	57	9
137	103	102	106	9
137	116	100	108	9
137	128	99	110	9
137	141	100	131	9
137	154	104	104	9
137	166	165	84	9
137	180	164	82	9
138	0	82	164	9
138	13	82	166	9
138	26	80	97	9
138	38	79	97	9
138	51	85	97	9
138	64	85	102	9
138	76	104	105	9
138	90	102	58	9
138	103	101	107	9
138	116	101	107	9
138	128	100	111	9
138	141	100	131	9
138	154	106	136	9
138	166	165	84	9
138	180	165	82	9
139	0	81	164	9
139	13	82	165	9
139	26	79	98	9
139	38	80	93	9
139	51	83	98	9
139	64	85	101	9
139	76	103	107	9
139	90	100	58	9
139	103	102	106	9
139	116	100	109	9
139	128	99	111	9
139	141	100	133	9
139	154	106	136	9
139	166	164	83	9
139	180	165	82	9
140	0	82	165	9
140	13	81	166	9
140	26	79	99	9
140	38	79	97	9
140	51	84	99	9
140	64	85	102	9
140	76	101	106	9
140	90	101	58	9
140	103	102	109	9
140	116	100	107	9
140	128	100	111	9
140	141	102	130	9
140	154	105	135	9
140	166	165	82	9
140	180	163	82	9
142	0	81	164	9
142	13	81	167	9
142	26	80	98	9
142	38	79	97	9
142	51	82	97	9
142	64	85	108	9
142	76	100	106	9
142	90	101	57	9
142	103	101	107	9
142	116	99	107	9
142	128	100	112	9
142	141	100	130	9
142	154	164	134	9
142	166	164	84	9
142	180	165	81	9
143	0	82	165	9
143	13	81	104	9
143	26	80	99	9
143	38	80	98	9
143	51	83	98	9
143	64	84	102	9
143	76	102	106	9
143	90	100	58	9
143	103	103	108	9
143	116	99	109	9
143	128	100	110	9
143	141	100	131	9
143	154	165	134	9
143	166	165	84	9
143	180	164	82	9
144	0	82	165	9
144	13	81	166	9
144	26	79	97	9
144	38	79	99	9
144	51	85	99	9
144	64	86	102	9
144	76	101	106	9
144	90	101	57	9
144	103	101	106	9
144	116	100	107	9
144	128	100	111	9
144	141	100	132	9
144	154	165	134	9
144	166	166	85	9
144	180	164	81	9
145	0	82	166	9
145	13	81	166	9
145	26	80	97	9
145	38	80	98	9
145	51	84	99	9
145	64	85	109	9
145	76	102	106	9
145	90	102	57	9
145	103	103	107	9
145	116	101	108	9
145	128	103	110	9
145	141	101	130	9
145	154	106	134	9
145	166	164	82	9
145	180	165	82	9
146	0	82	164	9
146	13	82	165	9
146	26	79	97	9
146	38	80	98	9
146	51	83	98	9
146	64	85	102	9
146	76	101	106	9
146	90	101	59	9
146	103	101	108	9
146	116	100	111	9
146	128	99	110	9
146	141	100	131	9
146	154	103	134	9
146	166	164	82	9
146	180	165	81	9
147	0	83	164	9
147	13	81	167	9
147	26	79	98	9
147	38	80	98	9
147	51	83	98	9
147	64	85	109	9
147	76	102	109	9
147	90	100	57	9
147	103	101	106	9
147	116	101	108	9
147	128	100	110	9
147	141	102	130	9
147	154	103	104	9
147	166	165	83	9
147	180	164	81	9
148	0	82	164	9
148	13	81	166	9
148	26	79	99	9
148	38	80	93	9
148	51	82	99	9
148	64	85	108	9
148	76	103	106	9
148	90	100	58	9
148	103	101	107	9
148	116	101	111	9
148	128	100	111	9
148	141	100	130	9
148	154	103	135	9
148	166	165	84	9
148	180	164	81	9
149	0	81	164	9
149	13	81	165	9
149	26	81	98	9
149	38	80	99	9
149	51	81	101	9
149	64	85	101	9
149	76	102	106	9
149	90	100	59	9
149	103	101	105	9
149	116	100	111	9
149	128	100	113	9
149	141	100	131	9
149	154	103	136	9
149	166	164	83	9
149	180	165	82	9
150	0	73	164	10
150	13	62	163	10
150	26	64	164	10
150	38	64	146	10
150	51	91	96	10
150	64	72	89	10
150	76	70	86	10
150	90	69	88	10
150	103	69	87	10
150	116	69	139	10
150	128	70	161	10
150	141	73	123	10
150	154	257	93	10
150	166	166	73	10
150	180	164	72	10
151	0	73	163	10
151	13	63	163	10
151	26	63	164	10
151	38	64	146	10
151	51	90	96	10
151	64	90	89	10
151	76	71	88	10
151	90	69	86	10
151	103	69	91	10
151	116	69	141	10
151	128	71	162	10
151	141	71	124	10
151	154	257	90	10
151	166	163	74	10
151	180	165	73	10
152	0	73	164	10
152	13	62	163	10
152	26	62	166	10
152	38	65	146	10
152	51	91	97	10
152	64	73	87	10
152	76	70	90	10
152	90	69	86	10
152	103	69	88	10
152	116	70	140	10
152	128	71	160	10
152	141	72	167	10
152	154	256	170	10
152	166	164	74	10
152	180	163	73	10
153	0	73	165	10
153	13	63	164	10
153	26	64	164	10
153	38	64	166	10
153	51	90	97	10
153	64	90	92	10
153	76	70	87	10
153	90	69	87	10
153	103	69	87	10
153	116	69	140	10
153	128	71	160	10
153	141	71	162	10
153	154	259	163	10
153	166	164	75	10
153	180	164	73	10
154	0	72	164	10
154	13	64	163	10
154	26	62	165	10
154	38	64	145	10
154	51	91	97	10
154	64	90	89	10
154	76	70	88	10
154	90	69	86	10
154	103	69	89	10
154	116	70	138	10
154	128	70	161	10
154	141	116	124	10
154	154	257	92	10
154	166	165	74	10
154	180	163	72	10
155	0	73	164	10
155	13	63	164	10
155	26	63	165	10
155	38	64	145	10
155	51	91	96	10
155	64	73	88	10
155	76	70	86	10
155	90	69	86	10
155	103	69	88	10
155	116	69	138	10
155	128	70	160	10
155	141	111	169	10
155	154	246	176	10
155	166	164	73	10
155	180	163	73	10
156	0	72	166	10
156	13	63	164	10
156	26	64	164	10
156	38	64	182	10
156	51	90	97	10
156	64	91	89	10
156	76	70	87	10
156	90	70	87	10
156	103	69	86	10
156	116	69	140	10
156	128	70	156	10
156	141	72	162	10
156	154	264	168	10
156	166	165	74	10
156	180	164	73	10
157	0	72	163	10
157	13	63	164	10
157	26	63	164	10
157	38	64	145	10
157	51	90	96	10
157	64	72	92	10
157	76	71	86	10
157	90	70	88	10
157	103	69	90	10
157	116	70	140	10
157	128	70	161	10
157	141	72	163	10
157	154	256	161	10
157	166	164	73	10
157	180	164	73	10
159	0	72	164	10
159	13	62	163	10
159	26	64	164	10
159	38	65	144	10
159	51	90	98	10
159	64	72	88	10
159	76	71	88	10
159	90	69	87	10
159	103	69	90	10
159	116	69	138	10
159	128	71	155	10
159	141	73	125	10
159	154	265	91	10
159	166	164	74	10
159	180	164	73	10
160	0	73	164	10
160	13	63	163	10
160	26	63	164	10
160	38	64	144	10
160	51	92	95	10
160	64	72	88	10
160	76	70	88	10
160	90	69	91	10
160	103	69	88	10
160	116	70	140	10
160	128	71	160	10
160	141	72	167	10
160	154	165	162	10
160	166	164	74	10
160	180	164	72	10
161	0	73	165	10
161	13	62	163	10
161	26	63	164	10
161	38	65	166	10
161	51	91	97	10
161	64	72	88	10
161	76	70	86	10
161	90	69	88	10
161	103	69	93	10
161	116	70	139	10
161	128	70	163	10
161	141	71	165	10
161	154	258	169	10
161	166	164	74	10
161	180	163	73	10
162	0	73	165	10
162	13	64	164	10
162	26	63	165	10
162	38	65	146	10
162	51	91	96	10
162	64	72	89	10
162	76	70	89	10
162	90	69	88	10
162	103	69	87	10
162	116	70	140	10
162	128	70	156	10
162	141	73	167	10
162	154	257	169	10
162	166	164	74	10
162	180	164	72	10
163	0	72	164	10
163	13	63	163	10
163	26	62	164	10
163	38	64	145	10
163	51	89	97	10
163	64	72	87	10
163	76	70	86	10
163	90	69	87	10
163	103	69	90	10
163	116	69	140	10
163	128	70	160	10
163	141	71	167	10
163	154	257	125	10
163	166	165	74	10
163	180	163	73	10
164	0	72	165	10
164	13	63	163	10
164	26	64	164	10
164	38	65	144	10
164	51	90	96	10
164	64	90	88	10
164	76	70	87	10
164	90	69	86	10
164	103	69	87	10
164	116	70	140	10
164	128	70	155	10
164	141	73	124	10
164	154	256	170	10
164	166	164	74	10
164	180	163	73	10
165	0	73	164	10
165	13	62	164	10
165	26	62	164	10
165	38	65	108	10
165	51	90	96	10
165	64	90	88	10
165	76	71	86	10
165	90	69	88	10
165	103	69	88	10
165	116	69	139	10
165	128	71	168	10
165	141	71	124	10
165	154	261	90	10
165	166	165	74	10
165	180	163	73	10
166	0	73	164	10
166	13	63	163	10
166	26	62	165	10
166	38	64	146	10
166	51	91	97	10
166	64	72	88	10
166	76	71	86	10
166	90	69	86	10
166	103	69	90	10
166	116	69	139	10
166	128	72	161	10
166	141	72	167	10
166	154	167	92	10
166	166	165	74	10
166	180	164	73	10
169	0	58	164	11
169	13	58	164	11
169	26	59	165	11
169	38	60	181	11
169	51	74	141	11
169	64	97	123	11
169	76	42	126	11
169	90	40	168	11
169	103	40	167	11
169	116	41	169	11
169	128	85	185	11
169	141	53	83	11
169	154	53	83	11
169	166	165	58	11
169	180	163	58	11
170	0	58	165	11
170	13	58	165	11
170	26	58	164	11
170	38	60	183	11
170	51	73	126	11
170	64	95	124	11
170	76	41	125	11
170	90	40	124	11
170	103	40	168	11
170	116	41	169	11
170	128	87	185	11
170	141	74	84	11
170	154	74	82	11
170	166	165	59	11
170	180	164	58	11
171	0	58	164	11
171	13	57	164	11
171	26	58	164	11
171	38	60	181	11
171	51	74	141	11
171	64	97	124	11
171	76	42	124	11
171	90	40	124	11
171	103	41	167	11
171	116	41	171	11
171	128	85	184	11
171	141	53	84	11
171	154	52	82	11
171	166	164	58	11
171	180	164	58	11
172	0	59	164	11
172	13	58	164	11
172	26	58	164	11
172	38	60	182	11
172	51	73	126	11
172	64	98	124	11
172	76	42	124	11
172	90	40	123	11
172	103	41	168	11
172	116	41	170	11
172	128	84	185	11
172	141	74	84	11
172	154	73	82	11
172	166	99	58	11
172	180	164	58	11
174	0	58	164	11
174	13	57	164	11
174	26	59	164	11
174	38	60	197	11
174	51	75	141	11
174	64	96	123	11
174	76	41	124	11
174	90	40	123	11
174	103	40	167	11
174	116	42	169	11
174	128	75	184	11
174	141	73	85	11
174	154	74	83	11
174	166	165	60	11
174	180	163	58	11
176	0	114	134	12
176	13	114	96	12
176	26	115	96	12
176	38	114	136	12
176	51	118	147	12
176	64	121	0	12
176	76	126	25	12
176	90	119	24	12
176	103	116	24	12
176	116	128	24	12
176	128	150	158	12
176	141	137	129	12
176	154	136	126	12
176	166	134	116	12
176	180	134	115	12
178	0	115	134	12
178	13	115	97	12
178	26	114	96	12
178	38	115	137	12
178	51	116	145	12
178	64	122	152	12
178	76	125	25	12
178	90	130	24	12
178	103	111	24	12
178	116	125	24	12
178	128	153	31	12
178	141	136	130	12
178	154	135	124	12
178	166	133	116	12
178	180	133	115	12
179	0	116	133	12
179	13	115	97	12
179	26	115	96	12
179	38	115	136	12
179	51	116	148	12
179	64	123	192	12
179	76	126	26	12
179	90	119	24	12
179	103	117	24	12
179	116	128	25	12
179	128	153	31	12
179	141	137	128	12
179	154	134	126	12
179	166	134	117	12
179	180	133	114	12
185	0	115	133	12
185	13	114	98	12
185	26	115	99	12
185	38	115	137	12
185	51	117	151	12
185	64	118	0	12
185	76	148	26	12
185	90	121	25	12
185	103	123	25	12
185	116	121	26	12
185	128	148	33	12
185	141	146	32	12
185	154	134	119	12
185	166	134	119	12
185	180	133	115	12
186	0	115	134	12
186	13	115	97	12
186	26	116	98	12
186	38	114	138	12
186	51	117	156	12
186	64	118	0	12
186	76	135	26	12
186	90	119	25	12
186	103	115	25	12
186	116	118	26	12
186	128	149	32	12
186	141	144	32	12
186	154	136	124	12
186	166	133	118	12
186	180	133	115	12
187	0	116	133	12
187	13	115	97	12
187	26	115	100	12
187	38	114	136	12
187	51	116	0	12
187	64	121	0	12
187	76	142	26	12
187	90	118	25	12
187	103	116	25	12
187	116	116	26	12
187	128	148	34	12
187	141	146	32	12
187	154	136	122	12
187	166	133	118	12
187	180	133	115	12
188	0	115	133	12
188	13	115	96	12
188	26	114	98	12
188	38	115	136	12
188	51	118	149	12
188	64	118	0	12
188	76	136	26	12
188	90	137	25	12
188	103	114	26	12
188	116	118	26	12
188	128	150	33	12
188	141	144	32	12
188	154	135	120	12
188	166	134	116	12
188	180	133	115	12
189	0	115	133	12
189	13	114	98	12
189	26	115	95	12
189	38	115	137	12
189	51	122	0	12
189	64	122	0	12
189	76	134	27	12
189	90	119	25	12
189	103	117	25	12
189	116	116	26	12
189	128	148	33	12
189	141	148	32	12
189	154	134	119	12
189	166	133	116	12
189	180	133	115	12
190	0	115	133	12
190	13	114	97	12
190	26	116	97	12
190	38	115	135	12
190	51	118	0	12
190	64	119	0	12
190	76	129	27	12
190	90	120	25	12
190	103	121	26	12
190	116	118	26	12
190	128	152	33	12
190	141	147	32	12
190	154	136	118	12
190	166	134	115	12
190	180	133	116	12
191	0	115	133	12
191	13	114	96	12
191	26	115	98	12
191	38	115	140	12
191	51	116	154	12
191	64	120	0	12
191	76	141	27	12
191	90	120	25	12
191	103	114	25	12
191	116	118	26	12
191	128	148	33	12
191	141	146	32	12
191	154	135	119	12
191	166	133	115	12
191	180	133	115	12
192	0	115	133	12
192	13	114	96	12
192	26	115	96	12
192	38	115	137	12
192	51	116	0	12
192	64	119	0	12
192	76	134	27	12
192	90	120	25	12
192	103	120	25	12
192	116	120	26	12
192	128	148	33	12
192	141	143	32	12
192	154	134	118	12
192	166	133	117	12
192	180	134	115	12
194	0	108	132	13
194	13	101	133	13
194	26	104	99	13
194	38	99	91	13
194	51	100	86	13
194	64	110	332	13
194	76	97	55	13
194	90	91	55	13
194	103	90	55	13
194	116	91	55	13
194	128	92	58	13
194	141	137	150	13
194	154	134	152	13
194	166	133	111	13
194	180	133	108	13
195	0	108	133	13
195	13	102	133	13
195	26	101	104	13
195	38	100	100	13
195	51	105	98	13
195	64	111	333	13
195	76	94	56	13
195	90	90	55	13
195	103	90	55	13
195	116	90	55	13
195	128	91	57	13
195	141	137	150	13
195	154	133	151	13
195	166	134	110	13
195	180	132	111	13
196	0	107	133	13
196	13	102	132	13
196	26	100	99	13
196	38	99	100	13
196	51	102	90	13
196	64	106	0	13
196	76	92	55	13
196	90	90	55	13
196	103	91	55	13
196	116	92	55	13
196	128	91	57	13
196	141	135	152	13
196	154	133	113	13
196	166	133	111	13
196	180	132	107	13
197	0	107	132	13
197	13	103	133	13
197	26	100	133	13
197	38	99	92	13
197	51	102	99	13
197	64	110	99	13
197	76	91	55	13
197	90	91	55	13
197	103	90	54	13
197	116	90	55	13
197	128	95	58	13
197	141	137	150	13
197	154	134	116	13
197	166	133	111	13
197	180	132	107	13
198	0	110	132	13
198	13	109	132	13
198	26	102	100	13
198	38	100	98	13
198	51	102	89	13
198	64	112	99	13
198	76	93	56	13
198	90	91	54	13
198	103	90	54	13
198	116	90	56	13
198	128	94	57	13
198	141	136	150	13
198	154	135	115	13
198	166	133	111	13
198	180	133	108	13
199	0	108	133	13
199	13	104	133	13
199	26	100	102	13
199	38	100	135	13
199	51	101	90	13
199	64	111	330	13
199	76	94	55	13
199	90	90	54	13
199	103	90	55	13
199	116	90	55	13
199	128	95	57	13
199	141	138	155	13
199	154	134	112	13
199	166	134	110	13
199	180	132	108	13
200	0	107	133	13
200	13	101	132	13
200	26	101	100	13
200	38	102	91	13
200	51	102	89	13
200	64	111	99	13
200	76	91	56	13
200	90	90	55	13
200	103	91	54	13
200	116	90	56	13
200	128	93	57	13
200	141	137	151	13
200	154	134	115	13
200	166	133	110	13
200	180	132	111	13
201	0	109	133	13
201	13	104	133	13
201	26	102	98	13
201	38	101	99	13
201	51	100	87	13
201	64	111	100	13
201	76	96	56	13
201	90	90	54	13
201	103	89	54	13
201	116	90	56	13
201	128	98	57	13
201	141	137	151	13
201	154	134	113	13
201	166	133	112	13
201	180	133	110	13
203	0	110	134	13
203	13	107	134	13
203	26	100	104	13
203	38	101	90	13
203	51	107	148	13
203	64	112	97	13
203	76	92	55	13
203	90	90	54	13
203	103	90	54	13
203	116	90	55	13
203	128	94	57	13
203	141	136	150	13
203	154	135	113	13
203	166	133	112	13
203	180	132	111	13
204	0	108	133	13
204	13	107	133	13
204	26	100	102	13
204	38	100	89	13
204	51	101	99	13
204	64	110	98	13
204	76	91	55	13
204	90	93	55	13
204	103	90	54	13
204	116	92	55	13
204	128	94	57	13
204	141	137	151	13
204	154	136	113	13
204	166	133	111	13
204	180	133	108	13
205	0	109	133	13
205	13	102	133	13
205	26	100	133	13
205	38	102	90	13
205	51	102	148	13
205	64	112	100	13
205	76	94	55	13
205	90	90	55	13
205	103	90	54	13
205	116	90	56	13
205	128	91	58	13
205	141	137	152	13
205	154	134	114	13
205	166	134	112	13
205	180	133	107	13
206	0	109	132	13
206	13	101	132	13
206	26	100	100	13
206	38	100	135	13
206	51	100	85	13
206	64	111	0	13
206	76	112	56	13
206	90	91	55	13
206	103	91	55	13
206	116	91	55	13
206	128	92	58	13
206	141	136	150	13
206	154	133	112	13
206	166	133	114	13
206	180	132	109	13
207	0	109	132	13
207	13	102	132	13
207	26	100	99	13
207	38	100	88	13
207	51	104	149	13
207	64	112	0	13
207	76	91	55	13
207	90	91	54	13
207	103	91	55	13
207	116	90	56	13
207	128	91	57	13
207	141	137	150	13
207	154	135	114	13
207	166	132	111	13
207	180	134	109	13
208	0	107	134	13
208	13	102	132	13
208	26	101	134	13
208	38	100	99	13
208	51	100	88	13
208	64	112	99	13
208	76	114	56	13
208	90	91	55	13
208	103	91	54	13
208	116	90	56	13
208	128	94	58	13
208	141	136	151	13
208	154	136	112	13
208	166	132	110	13
208	180	132	107	13
209	0	109	133	13
209	13	106	133	13
209	26	101	99	13
209	38	100	98	13
209	51	100	89	13
209	64	111	329	13
209	76	113	56	13
209	90	90	54	13
209	103	90	54	13
209	116	90	55	13
209	128	96	57	13
209	141	138	151	13
209	154	135	114	13
209	166	133	111	13
209	180	132	111	13
210	0	109	132	13
210	13	102	133	13
210	26	102	104	13
210	38	99	92	13
210	51	103	100	13
210	64	112	97	13
210	76	92	55	13
210	90	92	55	13
210	103	89	54	13
210	116	90	56	13
210	128	90	58	13
210	141	137	150	13
210	154	133	152	13
210	166	133	111	13
210	180	132	109	13
212	0	107	132	13
212	13	102	133	13
212	26	100	100	13
212	38	101	100	13
212	51	102	100	13
212	64	111	98	13
212	76	94	56	13
212	90	91	55	13
212	103	91	55	13
212	116	90	55	13
212	128	91	57	13
212	141	136	152	13
212	154	135	114	13
212	166	133	111	13
212	180	132	107	13
213	0	110	133	13
213	13	102	133	13
213	26	100	99	13
213	38	102	86	13
213	51	100	89	13
213	64	111	99	13
213	76	113	57	13
213	90	92	55	13
213	103	90	55	13
213	116	91	55	13
213	128	92	57	13
213	141	136	151	13
213	154	134	113	13
213	166	133	113	13
213	180	132	109	13
214	0	107	132	13
214	13	104	132	13
214	26	99	99	13
214	38	99	98	13
214	51	101	85	13
214	64	111	0	13
214	76	91	55	13
214	90	91	55	13
214	103	90	54	13
214	116	91	56	13
214	128	92	58	13
214	141	136	151	13
214	154	134	114	13
214	166	133	111	13
214	180	132	111	13
215	0	95	134	14
215	13	92	133	14
215	26	92	134	14
215	38	93	109	14
215	51	93	104	14
215	64	92	87	14
215	76	90	84	14
215	90	63	85	14
215	103	61	84	14
215	116	61	85	14
215	128	62	85	14
215	141	228	176	14
215	154	139	175	14
215	166	134	103	14
215	180	133	93	14
216	0	95	133	14
216	13	93	134	14
216	26	93	134	14
216	38	92	109	14
216	51	96	99	14
216	64	92	86	14
216	76	89	84	14
216	90	63	85	14
216	103	61	85	14
216	116	62	84	14
216	128	64	86	14
216	141	92	176	14
216	154	139	175	14
216	166	133	103	14
216	180	133	92	14
217	0	94	135	14
217	13	92	133	14
217	26	92	135	14
217	38	94	107	14
217	51	93	101	14
217	64	90	89	14
217	76	90	86	14
217	90	62	84	14
217	103	61	85	14
217	116	62	84	14
217	128	63	87	14
217	141	93	176	14
217	154	137	107	14
217	166	134	105	14
217	180	133	95	14
218	0	92	133	14
218	13	91	133	14
218	26	93	133	14
218	38	92	109	14
218	51	91	101	14
218	64	92	86	14
218	76	89	84	14
218	90	62	85	14
218	103	61	85	14
218	116	62	85	14
218	128	62	86	14
218	141	93	176	14
218	154	136	106	14
218	166	134	104	14
218	180	133	93	14
221	0	93	135	14
221	13	91	135	14
221	26	93	134	14
221	38	92	108	14
221	51	91	99	14
221	64	92	86	14
221	76	89	85	14
221	90	63	84	14
221	103	62	84	14
221	116	62	85	14
221	128	64	86	14
221	141	93	178	14
221	154	146	105	14
221	166	135	103	14
221	180	133	93	14
222	0	94	134	14
222	13	93	133	14
222	26	92	135	14
222	38	97	108	14
222	51	93	99	14
222	64	91	86	14
222	76	89	86	14
222	90	62	84	14
222	103	61	85	14
222	116	61	85	14
222	128	62	86	14
222	141	221	175	14
222	154	139	107	14
222	166	134	103	14
222	180	133	93	14
223	0	92	133	14
223	13	93	133	14
223	26	92	135	14
223	38	92	107	14
223	51	94	98	14
223	64	90	87	14
223	76	89	84	14
223	90	61	84	14
223	103	61	84	14
223	116	62	84	14
223	128	62	86	14
223	141	93	176	14
223	154	146	106	14
223	166	134	105	14
223	180	133	93	14
224	0	94	134	14
224	13	92	133	14
224	26	93	135	14
224	38	96	107	14
224	51	93	99	14
224	64	91	85	14
224	76	90	86	14
224	90	62	84	14
224	103	61	85	14
224	116	62	84	14
224	128	65	91	14
224	141	220	176	14
224	154	137	106	14
224	166	134	94	14
224	180	133	94	14
225	0	93	135	14
225	13	92	133	14
225	26	92	135	14
225	38	93	107	14
225	51	93	98	14
225	64	91	85	14
225	76	90	84	14
225	90	62	84	14
225	103	61	85	14
225	116	62	85	14
225	128	63	86	14
225	141	221	175	14
225	154	136	105	14
225	166	135	105	14
225	180	135	92	14
226	0	93	133	14
226	13	92	132	14
226	26	92	135	14
226	38	93	109	14
226	51	91	100	14
226	64	91	86	14
226	76	89	84	14
226	90	62	84	14
226	103	61	85	14
226	116	62	85	14
226	128	64	86	14
226	141	222	87	14
226	154	136	105	14
226	166	134	105	14
226	180	134	92	14
227	0	102	133	14
227	13	92	134	14
227	26	92	136	14
227	38	92	107	14
227	51	91	98	14
227	64	90	85	14
227	76	90	85	14
227	90	62	85	14
227	103	61	85	14
227	116	62	84	14
227	128	65	85	14
227	141	94	177	14
227	154	136	105	14
227	166	133	103	14
227	180	133	92	14
228	0	93	134	14
228	13	92	133	14
228	26	93	135	14
228	38	93	108	14
228	51	95	98	14
228	64	90	86	14
228	76	90	84	14
228	90	63	84	14
228	103	61	85	14
228	116	61	85	14
228	128	63	89	14
228	141	97	87	14
228	154	135	176	14
228	166	134	103	14
228	180	133	93	14
230	0	94	135	14
230	13	91	134	14
230	26	93	137	14
230	38	93	108	14
230	51	97	100	14
230	64	91	88	14
230	76	90	86	14
230	90	62	84	14
230	103	61	84	14
230	116	62	85	14
230	128	64	87	14
230	141	94	89	14
230	154	138	177	14
230	166	133	104	14
230	180	133	92	14
231	0	92	133	14
231	13	93	133	14
231	26	91	135	14
231	38	93	108	14
231	51	94	98	14
231	64	92	86	14
231	76	90	84	14
231	90	63	84	14
231	103	61	84	14
231	116	61	85	14
231	128	64	88	14
231	141	221	176	14
231	154	139	178	14
231	166	134	103	14
231	180	133	92	14
232	0	93	133	14
232	13	91	133	14
232	26	91	135	14
232	38	92	108	14
232	51	93	98	14
232	64	91	86	14
232	76	90	86	14
232	90	62	85	14
232	103	61	85	14
232	116	62	85	14
232	128	64	86	14
232	141	95	87	14
232	154	138	104	14
232	166	135	94	14
232	180	133	92	14
233	0	103	132	15
233	13	97	133	15
233	26	97	136	15
233	38	98	112	15
233	51	94	100	15
233	64	89	88	15
233	76	86	88	15
233	90	59	86	15
233	103	59	86	15
233	116	59	86	15
233	128	61	87	15
233	141	223	177	15
233	154	136	105	15
233	166	134	104	15
233	180	133	104	15
234	0	103	133	15
234	13	103	132	15
234	26	104	132	15
234	38	96	110	15
234	51	95	100	15
234	64	94	88	15
234	76	86	86	15
234	90	59	87	15
234	103	58	86	15
234	116	59	86	15
234	128	61	86	15
234	141	222	90	15
234	154	136	105	15
234	166	134	107	15
234	180	132	98	15
235	0	106	133	15
235	13	102	133	15
235	26	100	134	15
235	38	95	109	15
235	51	91	102	15
235	64	88	91	15
235	76	87	86	15
235	90	59	86	15
235	103	58	86	15
235	116	59	88	15
235	128	60	88	15
235	141	92	179	15
235	154	136	182	15
235	166	136	104	15
235	180	132	98	15
236	0	104	133	15
236	13	103	132	15
236	26	97	133	15
236	38	99	110	15
236	51	108	102	15
236	64	88	89	15
236	76	86	87	15
236	90	61	86	15
236	103	59	86	15
236	116	59	86	15
236	128	61	88	15
236	141	224	90	15
236	154	135	105	15
236	166	96	104	15
236	180	134	95	15
237	0	104	133	15
237	13	102	132	15
237	26	98	132	15
237	38	104	136	15
237	51	91	101	15
237	64	89	87	15
237	76	87	86	15
237	90	61	87	15
237	103	58	86	15
237	116	59	86	15
237	128	60	88	15
237	141	90	91	15
237	154	139	107	15
237	166	133	106	15
237	180	132	95	15
238	0	106	132	15
238	13	102	132	15
238	26	98	134	15
238	38	104	109	15
238	51	93	102	15
238	64	96	89	15
238	76	87	87	15
238	90	59	87	15
238	103	59	87	15
238	116	59	87	15
238	128	61	87	15
238	141	223	176	15
238	154	136	105	15
238	166	133	106	15
238	180	133	97	15
239	0	104	134	15
239	13	103	133	15
239	26	97	134	15
239	38	98	109	15
239	51	107	101	15
239	64	88	88	15
239	76	86	88	15
239	90	59	86	15
239	103	58	86	15
239	116	59	86	15
239	128	60	87	15
239	141	223	90	15
239	154	138	107	15
239	166	132	104	15
239	180	132	96	15
240	0	105	133	15
240	13	103	133	15
240	26	98	134	15
240	38	94	109	15
240	51	92	101	15
240	64	89	86	15
240	76	86	87	15
240	90	60	87	15
240	103	59	87	15
240	116	59	87	15
240	128	60	88	15
240	141	93	92	15
240	154	135	107	15
240	166	133	105	15
240	180	133	93	15
242	0	106	132	15
242	13	103	132	15
242	26	96	133	15
242	38	94	110	15
242	51	91	102	15
242	64	96	88	15
242	76	87	87	15
242	90	61	87	15
242	103	59	86	15
242	116	59	86	15
242	128	60	88	15
242	141	92	90	15
242	154	135	106	15
242	166	133	105	15
242	180	132	95	15
243	0	103	132	15
243	13	98	133	15
243	26	96	133	15
243	38	100	110	15
243	51	108	102	15
243	64	89	87	15
243	76	86	86	15
243	90	60	86	15
243	103	59	86	15
243	116	59	87	15
243	128	60	87	15
243	141	224	89	15
243	154	138	106	15
243	166	134	104	15
243	180	133	95	15
244	0	105	133	15
244	13	104	132	15
244	26	96	133	15
244	38	96	110	15
244	51	91	101	15
244	64	89	88	15
244	76	86	88	15
244	90	60	86	15
244	103	58	87	15
244	116	59	86	15
244	128	60	90	15
244	141	222	178	15
244	154	135	106	15
244	166	132	103	15
244	180	134	93	15
245	0	105	132	15
245	13	103	133	15
245	26	97	133	15
245	38	95	110	15
245	51	107	108	15
245	64	94	88	15
245	76	87	88	15
245	90	60	86	15
245	103	59	86	15
245	116	58	86	15
245	128	61	88	15
245	141	224	90	15
245	154	135	109	15
245	166	133	103	15
245	180	133	95	15
246	0	104	133	15
246	13	103	132	15
246	26	97	134	15
246	38	96	135	15
246	51	94	103	15
246	64	95	88	15
246	76	86	86	15
246	90	60	86	15
246	103	59	86	15
246	116	59	88	15
246	128	61	89	15
246	141	90	177	15
246	154	134	105	15
246	166	133	103	15
246	180	132	95	15
247	0	104	132	15
247	13	102	132	15
247	26	98	135	15
247	38	96	111	15
247	51	95	101	15
247	64	94	88	15
247	76	87	86	15
247	90	60	86	15
247	103	58	86	15
247	116	59	86	15
247	128	61	87	15
247	141	93	90	15
247	154	135	187	15
247	166	132	105	15
247	180	132	95	15
248	0	105	133	15
248	13	102	133	15
248	26	96	133	15
248	38	94	112	15
248	51	108	91	15
248	64	88	88	15
248	76	86	87	15
248	90	59	87	15
248	103	59	86	15
248	116	59	86	15
248	128	60	89	15
248	141	221	90	15
248	154	137	105	15
248	166	134	104	15
248	180	133	94	15
249	0	103	133	15
249	13	103	132	15
249	26	97	133	15
249	38	95	136	15
249	51	108	102	15
249	64	88	88	15
249	76	87	86	15
249	90	60	86	15
249	103	59	86	15
249	116	59	88	15
249	128	61	87	15
249	141	226	89	15
249	154	134	105	15
249	166	133	103	15
249	180	132	94	15
251	0	104	136	15
251	13	103	132	15
251	26	95	132	15
251	38	95	135	15
251	51	92	102	15
251	64	89	87	15
251	76	86	88	15
251	90	60	87	15
251	103	59	87	15
251	116	59	87	15
251	128	60	88	15
251	141	90	91	15
251	154	135	105	15
251	166	134	104	15
251	180	132	98	15
252	0	105	133	15
252	13	92	132	15
252	26	100	132	15
252	38	94	136	15
252	51	93	100	15
252	64	90	88	15
252	76	86	86	15
252	90	60	86	15
252	103	58	86	15
252	116	59	86	15
252	128	60	89	15
252	141	94	178	15
252	154	137	106	15
252	166	133	105	15
252	180	132	94	15
253	0	105	132	15
253	13	103	132	15
253	26	96	133	15
253	38	94	108	15
253	51	91	100	15
253	64	88	88	15
253	76	87	86	15
253	90	59	86	15
253	103	58	86	15
253	116	59	87	15
253	128	60	87	15
253	141	222	176	15
253	154	138	107	15
253	166	134	106	15
253	180	132	94	15
254	0	146	103	16
254	13	145	102	16
254	26	146	102	16
254	38	144	103	16
254	51	146	33	16
254	64	147	31	16
254	76	151	26	16
254	90	151	24	16
254	103	151	25	16
254	116	150	26	16
254	128	122	27	16
254	141	104	196	16
254	154	103	153	16
254	166	103	147	16
254	180	103	146	16
255	0	145	103	16
255	13	145	101	16
255	26	146	102	16
255	38	145	103	16
255	51	144	33	16
255	64	147	31	16
255	76	148	26	16
255	90	151	24	16
255	103	150	25	16
255	116	151	26	16
255	128	122	27	16
255	141	104	154	16
255	154	103	153	16
255	166	104	148	16
255	180	102	146	16
256	0	146	103	16
256	13	145	101	16
256	26	146	102	16
256	38	144	103	16
256	51	146	33	16
256	64	148	32	16
256	76	149	26	16
256	90	131	24	16
256	103	151	25	16
256	116	152	26	16
256	128	247	27	16
256	141	105	161	16
256	154	103	152	16
256	166	102	148	16
256	180	103	145	16
257	0	146	102	16
257	13	145	101	16
257	26	145	102	16
257	38	145	103	16
257	51	145	33	16
257	64	146	32	16
257	76	149	27	16
257	90	149	24	16
257	103	149	25	16
257	116	149	26	16
257	128	124	27	16
257	141	109	154	16
257	154	103	153	16
257	166	103	148	16
257	180	103	145	16
258	0	146	103	16
258	13	145	101	16
258	26	146	102	16
258	38	144	102	16
258	51	146	104	16
258	64	147	32	16
258	76	148	27	16
258	90	150	25	16
258	103	150	25	16
258	116	151	26	16
258	128	124	28	16
258	141	106	162	16
258	154	103	154	16
258	166	105	147	16
258	180	103	146	16
260	0	148	105	16
260	13	146	100	16
260	26	146	103	16
260	38	146	103	16
260	51	145	33	16
260	64	146	32	16
260	76	149	27	16
260	90	149	24	16
260	103	150	25	16
260	116	150	26	16
260	128	124	27	16
260	141	114	154	16
260	154	105	152	16
260	166	103	147	16
260	180	103	146	16
261	0	146	102	16
261	13	146	103	16
261	26	145	103	16
261	38	145	105	16
261	51	146	33	16
261	64	148	32	16
261	76	149	27	16
261	90	149	25	16
261	103	149	25	16
261	116	152	26	16
261	128	122	27	16
261	141	104	162	16
261	154	104	153	16
261	166	103	148	16
261	180	102	146	16
262	0	145	103	16
262	13	145	101	16
262	26	146	102	16
262	38	145	103	16
262	51	145	33	16
262	64	149	32	16
262	76	148	27	16
262	90	148	24	16
262	103	149	25	16
262	116	150	26	16
262	128	122	28	16
262	141	104	155	16
262	154	105	154	16
262	166	102	148	16
262	180	101	145	16
263	0	146	102	16
263	13	146	102	16
263	26	145	102	16
263	38	145	103	16
263	51	145	33	16
263	64	149	32	16
263	76	149	27	16
263	90	148	25	16
263	103	149	25	16
263	116	151	26	16
263	128	123	27	16
263	141	106	155	16
263	154	103	153	16
263	166	103	147	16
263	180	103	146	16
264	0	146	103	16
264	13	145	101	16
264	26	145	102	16
264	38	145	103	16
264	51	146	33	16
264	64	147	32	16
264	76	149	26	16
264	90	148	24	16
264	103	151	25	16
264	116	151	26	16
264	128	125	27	16
264	141	105	155	16
264	154	103	153	16
264	166	103	146	16
264	180	102	146	16
265	0	146	102	16
265	13	145	103	16
265	26	146	102	16
265	38	145	103	16
265	51	145	33	16
265	64	147	32	16
265	76	148	26	16
265	90	148	24	16
265	103	149	25	16
265	116	150	26	16
265	128	125	28	16
265	141	105	154	16
265	154	102	154	16
265	166	102	148	16
265	180	102	145	16
266	0	146	104	16
266	13	145	102	16
266	26	146	102	16
266	38	146	104	16
266	51	145	33	16
266	64	148	32	16
266	76	149	26	16
266	90	148	24	16
266	103	150	25	16
266	116	151	27	16
266	128	124	27	16
266	141	105	162	16
266	154	103	153	16
266	166	102	147	16
266	180	103	145	16
267	0	147	103	16
267	13	145	102	16
267	26	145	102	16
267	38	146	103	16
267	51	146	33	16
267	64	147	32	16
267	76	148	27	16
267	90	123	24	16
267	103	149	24	16
267	116	151	27	16
267	128	124	28	16
267	141	105	154	16
267	154	103	152	16
267	166	102	147	16
267	180	101	146	16
269	0	147	102	16
269	13	145	100	16
269	26	145	102	16
269	38	144	103	16
269	51	145	33	16
269	64	148	32	16
269	76	151	26	16
269	90	151	24	16
269	103	150	25	16
269	116	150	26	16
269	128	121	28	16
269	141	105	154	16
269	154	103	154	16
269	166	103	147	16
269	180	102	146	16
270	0	146	102	16
270	13	145	100	16
270	26	145	102	16
270	38	145	103	16
270	51	145	33	16
270	64	146	32	16
270	76	149	26	16
270	90	148	24	16
270	103	149	25	16
270	116	150	26	16
270	128	122	27	16
270	141	104	160	16
270	154	105	153	16
270	166	102	146	16
270	180	102	146	16
271	0	148	102	16
271	13	145	101	16
271	26	146	103	16
271	38	145	103	16
271	51	146	33	16
271	64	147	32	16
271	76	148	26	16
271	90	149	25	16
271	103	150	25	16
271	116	153	26	16
271	128	123	27	16
271	141	105	163	16
271	154	104	153	16
271	166	102	147	16
271	180	102	147	16
272	0	137	102	17
272	13	129	102	17
272	26	128	102	17
272	38	129	92	17
272	51	134	86	17
272	64	93	58	17
272	76	92	56	17
272	90	91	54	17
272	103	96	55	17
272	116	95	56	17
272	128	221	57	17
272	141	106	61	17
272	154	104	160	17
272	166	102	140	17
272	180	103	138	17
273	0	137	102	17
273	13	129	102	17
273	26	130	102	17
273	38	128	93	17
273	51	94	106	17
273	64	95	58	17
273	76	92	56	17
273	90	93	54	17
273	103	95	54	17
273	116	123	55	17
273	128	219	57	17
273	141	107	62	17
273	154	103	160	17
273	166	102	140	17
273	180	102	138	17
274	0	139	101	17
274	13	129	102	17
274	26	130	102	17
274	38	128	104	17
274	51	132	92	17
274	64	94	58	17
274	76	91	56	17
274	90	92	56	17
274	103	93	54	17
274	116	124	55	17
274	128	220	57	17
274	141	107	61	17
274	154	104	160	17
274	166	102	141	17
274	180	101	138	17
276	0	136	102	17
276	13	128	102	17
276	26	128	103	17
276	38	128	93	17
276	51	134	92	17
276	64	93	59	17
276	76	93	56	17
276	90	92	56	17
276	103	93	54	17
276	116	123	55	17
276	128	220	57	17
276	141	106	60	17
276	154	102	161	17
276	166	103	139	17
276	180	102	139	17
285	0	110	132	17
285	13	108	131	17
285	26	104	102	17
285	38	101	98	17
285	51	102	88	17
285	64	114	56	17
285	76	116	54	17
285	90	91	54	17
285	103	90	54	17
285	116	92	54	17
285	128	95	152	17
285	141	121	151	17
285	154	133	116	17
285	166	132	112	17
285	180	132	110	17
286	0	110	132	17
286	13	107	131	17
286	26	101	102	17
286	38	106	99	17
286	51	102	147	17
286	64	112	56	17
286	76	94	54	17
286	90	92	54	17
286	103	91	54	17
286	116	91	54	17
286	128	94	152	17
286	141	121	152	17
286	154	135	114	17
286	166	132	112	17
286	180	133	110	17
287	0	109	131	17
287	13	105	132	17
287	26	102	102	17
287	38	100	96	17
287	51	102	61	17
287	64	112	55	17
287	76	94	54	17
287	90	91	54	17
287	103	90	55	17
287	116	92	54	17
287	128	92	152	17
287	141	122	152	17
287	154	134	114	17
287	166	132	111	17
287	180	131	110	17
288	0	112	132	17
288	13	109	132	17
288	26	102	99	17
288	38	100	96	17
288	51	104	89	17
288	64	113	57	17
288	76	92	55	17
288	90	92	55	17
288	103	90	55	17
288	116	92	54	17
288	128	92	152	17
288	141	135	153	17
288	154	133	113	17
288	166	133	113	17
288	180	132	111	17
289	0	111	131	17
289	13	107	133	17
289	26	102	99	17
289	38	100	97	17
289	51	101	148	17
289	64	116	57	17
289	76	94	54	17
289	90	91	54	17
289	103	90	54	17
289	116	90	54	17
289	128	98	152	17
289	141	124	151	17
289	154	135	115	17
289	166	132	112	17
289	180	133	109	17
290	0	109	133	17
290	13	104	131	17
290	26	100	101	17
290	38	102	97	17
290	51	101	147	17
290	64	114	55	17
290	76	93	54	17
290	90	91	55	17
290	103	92	54	17
290	116	90	54	17
290	128	96	152	17
290	141	121	153	17
290	154	133	137	17
290	166	132	113	17
290	180	132	109	17
291	0	109	132	17
291	13	107	132	17
291	26	102	101	17
291	38	101	99	17
291	51	103	86	17
291	64	113	56	17
291	76	94	54	17
291	90	92	54	17
291	103	90	55	17
291	116	92	55	17
291	128	92	153	17
291	141	121	152	17
291	154	135	114	17
291	166	132	112	17
291	180	132	108	17
292	0	111	132	17
292	13	105	132	17
292	26	101	102	17
292	38	101	98	17
292	51	101	62	17
292	64	114	57	17
292	76	115	55	17
292	90	92	54	17
292	103	91	54	17
292	116	92	55	17
292	128	95	155	17
292	141	121	152	17
292	154	134	152	17
292	166	132	112	17
292	180	132	109	17
294	0	109	131	17
294	13	109	131	17
294	26	101	100	17
294	38	100	98	17
294	51	102	61	17
294	64	114	55	17
294	76	93	54	17
294	90	90	54	17
294	103	91	55	17
294	116	90	55	17
294	128	92	152	17
294	141	121	151	17
294	154	133	114	17
294	166	132	113	17
294	180	132	108	17
295	0	109	132	17
295	13	108	131	17
295	26	102	102	17
295	38	101	97	17
295	51	102	87	17
295	64	112	57	17
295	76	94	55	17
295	90	92	54	17
295	103	90	55	17
295	116	91	54	17
295	128	91	151	17
295	141	137	153	17
295	154	133	115	17
295	166	133	111	17
295	180	132	109	17
296	0	109	132	17
296	13	103	131	17
296	26	102	98	17
296	38	101	99	17
296	51	106	85	17
296	64	113	56	17
296	76	92	55	17
296	90	92	54	17
296	103	90	54	17
296	116	90	54	17
296	128	92	153	17
296	141	122	151	17
296	154	133	114	17
296	166	132	112	17
296	180	131	108	17
297	0	109	132	17
297	13	104	131	17
297	26	101	101	17
297	38	100	99	17
297	51	102	61	17
297	64	114	56	17
297	76	91	55	17
297	90	90	54	17
297	103	91	55	17
297	116	90	54	17
297	128	92	155	17
297	141	122	152	17
297	154	134	114	17
297	166	134	111	17
297	180	132	111	17
298	0	113	132	17
298	13	108	131	17
298	26	103	104	17
298	38	101	97	17
298	51	101	88	17
298	64	112	57	17
298	76	114	54	17
298	90	91	54	17
298	103	90	54	17
298	116	91	54	17
298	128	92	151	17
298	141	122	154	17
298	154	134	116	17
298	166	132	114	17
298	180	133	109	17
299	0	108	132	17
299	13	111	133	17
299	26	101	102	17
299	38	101	97	17
299	51	102	62	17
299	64	115	56	17
299	76	92	54	17
299	90	92	54	17
299	103	90	54	17
299	116	92	54	17
299	128	91	153	17
299	141	122	153	17
299	154	133	115	17
299	166	132	111	17
299	180	132	108	17
300	0	108	131	17
300	13	104	131	17
300	26	102	100	17
300	38	100	98	17
300	51	102	86	17
300	64	112	56	17
300	76	119	54	17
300	90	92	54	17
300	103	90	55	17
300	116	90	54	17
300	128	93	151	17
300	141	122	151	17
300	154	136	115	17
300	166	133	112	17
300	180	132	109	17
303	0	93	134	18
303	13	91	133	18
303	26	91	133	18
303	38	91	109	18
303	51	94	97	18
303	64	90	87	18
303	76	90	84	18
303	90	62	83	18
303	103	62	84	18
303	116	62	84	18
303	128	64	88	18
303	141	95	88	18
303	154	146	177	18
303	166	135	104	18
303	180	133	93	18
305	0	94	133	18
305	13	92	133	18
305	26	93	133	18
305	38	92	133	18
305	51	93	97	18
305	64	91	85	18
305	76	90	86	18
305	90	63	84	18
305	103	62	84	18
305	116	62	84	18
305	128	91	85	18
305	141	91	177	18
305	154	137	177	18
305	166	134	103	18
305	180	133	94	18
306	0	96	133	18
306	13	92	133	18
306	26	93	134	18
306	38	93	110	18
306	51	91	96	18
306	64	89	88	18
306	76	90	84	18
306	90	63	84	18
306	103	61	84	18
306	116	62	84	18
306	128	64	88	18
306	141	223	176	18
306	154	149	109	18
306	166	133	105	18
306	180	133	92	18
307	0	96	134	18
307	13	92	133	18
307	26	92	133	18
307	38	93	108	18
307	51	92	100	18
307	64	93	87	18
307	76	89	85	18
307	90	63	83	18
307	103	61	84	18
307	116	62	86	18
307	128	90	88	18
307	141	92	176	18
307	154	222	105	18
307	166	134	103	18
307	180	134	92	18
308	0	94	133	18
308	13	92	133	18
308	26	92	133	18
308	38	92	108	18
308	51	93	100	18
308	64	91	87	18
308	76	90	84	18
308	90	63	84	18
308	103	61	83	18
308	116	62	84	18
308	128	91	87	18
308	141	225	89	18
308	154	137	104	18
308	166	136	103	18
308	180	133	92	18
309	0	96	133	18
309	13	92	132	18
309	26	93	133	18
309	38	94	107	18
309	51	95	96	18
309	64	92	85	18
309	76	89	84	18
309	90	63	84	18
309	103	61	84	18
309	116	62	85	18
309	128	91	87	18
309	141	94	175	18
309	154	162	105	18
309	166	134	103	18
309	180	134	92	18
310	0	94	136	18
310	13	91	133	18
310	26	92	132	18
310	38	94	132	18
310	51	92	95	18
310	64	91	88	18
310	76	89	85	18
310	90	62	84	18
310	103	62	83	18
310	116	63	84	18
310	128	64	87	18
310	141	92	177	18
310	154	221	105	18
310	166	134	104	18
310	180	134	93	18
311	0	92	133	18
311	13	92	134	18
311	26	91	132	18
311	38	93	111	18
311	51	94	96	18
311	64	91	87	18
311	76	89	84	18
311	90	63	84	18
311	103	61	84	18
311	116	62	85	18
311	128	64	88	18
311	141	93	88	18
311	154	138	104	18
311	166	134	103	18
311	180	134	95	18
313	0	93	133	18
313	13	92	135	18
313	26	92	135	18
313	38	92	109	18
313	51	92	88	18
313	64	91	88	18
313	76	89	85	18
313	90	63	84	18
313	103	61	85	18
313	116	61	84	18
313	128	90	89	18
313	141	92	176	18
313	154	136	105	18
313	166	136	105	18
313	180	134	95	18
314	0	95	133	18
314	13	91	132	18
314	26	92	134	18
314	38	92	108	18
314	51	95	95	18
314	64	90	86	18
314	76	89	86	18
314	90	63	85	18
314	103	61	84	18
314	116	62	84	18
314	128	91	86	18
314	141	91	175	18
314	154	147	105	18
314	166	134	102	18
314	180	133	92	18
315	0	92	134	18
315	13	92	133	18
315	26	92	133	18
315	38	93	108	18
315	51	95	95	18
315	64	91	88	18
315	76	90	85	18
315	90	63	85	18
315	103	62	83	18
315	116	61	85	18
315	128	63	85	18
315	141	93	176	18
315	154	136	105	18
315	166	134	104	18
315	180	133	93	18
316	0	94	133	18
316	13	91	133	18
316	26	92	132	18
316	38	92	108	18
316	51	94	94	18
316	64	90	86	18
316	76	89	85	18
316	90	62	84	18
316	103	62	83	18
316	116	62	84	18
316	128	64	85	18
316	141	91	176	18
316	154	221	106	18
316	166	134	104	18
316	180	133	94	18
317	0	93	133	18
317	13	93	133	18
317	26	92	133	18
317	38	94	134	18
317	51	95	96	18
317	64	90	86	18
317	76	89	86	18
317	90	62	84	18
317	103	61	84	18
317	116	62	85	18
317	128	89	85	18
317	141	97	176	18
317	154	148	105	18
317	166	133	104	18
317	180	134	91	18
318	0	93	133	18
318	13	91	135	18
318	26	91	134	18
318	38	92	107	18
318	51	94	98	18
318	64	90	88	18
318	76	90	86	18
318	90	62	84	18
318	103	62	84	18
318	116	61	85	18
318	128	63	85	18
318	141	91	88	18
318	154	221	105	18
318	166	135	102	18
318	180	134	91	18
319	0	93	133	18
319	13	91	133	18
319	26	91	135	18
319	38	92	109	18
319	51	93	97	18
319	64	90	85	18
319	76	90	85	18
319	90	63	85	18
319	103	61	84	18
319	116	61	84	18
319	128	63	86	18
319	141	221	89	18
319	154	147	104	18
319	166	134	103	18
319	180	135	93	18
320	0	92	133	18
320	13	92	134	18
320	26	92	133	18
320	38	94	135	18
320	51	92	98	18
320	64	93	88	18
320	76	89	84	18
320	90	62	84	18
320	103	61	85	18
320	116	62	84	18
320	128	89	87	18
320	141	95	177	18
320	154	147	107	18
320	166	135	104	18
320	180	133	94	18
322	0	93	134	18
322	13	91	133	18
322	26	94	134	18
322	38	94	108	18
322	51	92	99	18
322	64	92	86	18
322	76	89	85	18
322	90	63	84	18
322	103	61	83	18
322	116	62	86	18
322	128	64	87	18
322	141	94	176	18
322	154	222	105	18
322	166	135	103	18
322	180	133	92	18
323	0	95	133	18
323	13	92	133	18
323	26	92	132	18
323	38	92	108	18
323	51	92	96	18
323	64	94	88	18
323	76	89	85	18
323	90	62	85	18
323	103	62	83	18
323	116	61	84	18
323	128	64	90	18
323	141	91	178	18
323	154	222	178	18
323	166	134	103	18
323	180	135	93	18
324	0	94	134	18
324	13	92	133	18
324	26	92	133	18
324	38	99	107	18
324	51	95	97	18
324	64	92	85	18
324	76	89	86	18
324	90	63	84	18
324	103	62	83	18
324	116	62	84	18
324	128	64	87	18
324	141	92	176	18
324	154	136	106	18
324	166	134	106	18
324	180	134	92	18
325	0	147	102	19
325	13	146	101	19
325	26	146	103	19
325	38	145	102	19
325	51	145	33	19
325	64	147	33	19
325	76	149	27	19
325	90	149	24	19
325	103	150	25	19
325	116	150	192	19
325	128	154	27	19
325	141	106	162	19
325	154	106	155	19
325	166	102	147	19
325	180	103	145	19
326	0	147	102	19
326	13	145	101	19
326	26	145	99	19
326	38	145	104	19
326	51	145	36	19
326	64	146	32	19
326	76	121	28	19
326	90	120	26	19
326	103	121	26	19
326	116	148	26	19
326	128	0	28	19
326	141	106	33	19
326	154	104	151	19
326	166	101	148	19
326	180	102	146	19
327	0	145	102	19
327	13	145	100	19
327	26	146	98	19
327	38	145	106	19
327	51	145	37	19
327	64	146	32	19
327	76	121	28	19
327	90	121	26	19
327	103	148	26	19
327	116	148	26	19
327	128	251	28	19
327	141	107	33	19
327	154	102	153	19
327	166	101	147	19
327	180	101	146	19
328	0	146	102	19
328	13	146	98	19
328	26	146	100	19
328	38	144	104	19
328	51	145	36	19
328	64	148	32	19
328	76	120	27	19
328	90	117	26	19
328	103	119	26	19
328	116	148	26	19
328	128	250	28	19
328	141	114	33	19
328	154	103	152	19
328	166	101	147	19
328	180	101	146	19
329	0	146	102	19
329	13	146	102	19
329	26	146	98	19
329	38	146	106	19
329	51	148	36	19
329	64	147	32	19
329	76	121	28	19
329	90	120	26	19
329	103	121	26	19
329	116	148	26	19
329	128	289	28	19
329	141	107	33	19
329	154	103	154	19
329	166	103	147	19
329	180	101	146	19
330	0	147	101	19
330	13	146	98	19
330	26	146	102	19
330	38	146	105	19
330	51	148	36	19
330	64	145	33	19
330	76	120	28	19
330	90	118	26	19
330	103	121	26	19
330	116	148	26	19
330	128	123	27	19
330	141	106	34	19
330	154	104	151	19
330	166	101	147	19
330	180	101	145	19
331	0	146	101	19
331	13	146	97	19
331	26	146	102	19
331	38	145	100	19
331	51	145	36	19
331	64	145	32	19
331	76	151	27	19
331	90	121	26	19
331	103	120	26	19
331	116	149	26	19
331	128	288	28	19
331	141	106	33	19
331	154	103	156	19
331	166	102	146	19
331	180	101	146	19
332	0	146	101	19
332	13	146	98	19
332	26	146	101	19
332	38	145	106	19
332	51	145	36	19
332	64	145	32	19
332	76	120	27	19
332	90	116	26	19
332	103	123	26	19
332	116	149	26	19
332	128	289	28	19
332	141	118	33	19
332	154	103	152	19
332	166	102	146	19
332	180	102	146	19
333	0	146	102	19
333	13	146	97	19
333	26	146	99	19
333	38	147	106	19
333	51	146	36	19
333	64	147	32	19
333	76	120	28	19
333	90	109	26	19
333	103	147	26	19
333	116	149	26	19
333	128	0	28	19
333	141	106	34	19
333	154	104	153	19
333	166	101	146	19
333	180	101	146	19
335	0	146	101	19
335	13	146	98	19
335	26	145	99	19
335	38	145	105	19
335	51	146	36	19
335	64	146	32	19
335	76	121	27	19
335	90	120	26	19
335	103	121	26	19
335	116	149	26	19
335	128	287	27	19
335	141	106	33	19
335	154	103	160	19
335	166	102	147	19
335	180	102	147	19
336	0	147	102	19
336	13	146	99	19
336	26	146	98	19
336	38	144	105	19
336	51	145	36	19
336	64	147	33	19
336	76	119	28	19
336	90	122	26	19
336	103	121	26	19
336	116	148	26	19
336	128	289	27	19
336	141	108	34	19
336	154	105	158	19
336	166	101	147	19
336	180	102	146	19
337	0	146	101	19
337	13	146	99	19
337	26	146	98	19
337	38	145	106	19
337	51	146	36	19
337	64	146	33	19
337	76	149	27	19
337	90	118	26	19
337	103	118	26	19
337	116	149	26	19
337	128	288	27	19
337	141	106	34	19
337	154	102	151	19
337	166	102	147	19
337	180	102	146	19
338	0	146	100	19
338	13	146	101	19
338	26	145	100	19
338	38	144	106	19
338	51	145	36	19
338	64	145	33	19
338	76	121	28	19
338	90	115	26	19
338	103	122	26	19
338	116	149	26	19
338	128	0	27	19
338	141	106	34	19
338	154	102	151	19
338	166	103	147	19
338	180	100	146	19
340	0	146	102	20
340	13	132	103	20
340	26	128	103	20
340	38	129	93	20
340	51	136	106	20
340	64	92	59	20
340	76	93	55	20
340	90	94	54	20
340	103	95	53	20
340	116	123	54	20
340	128	225	57	20
340	141	107	63	20
340	154	103	160	20
340	166	103	141	20
340	180	103	137	20
341	0	140	102	20
341	13	128	101	20
341	26	128	103	20
341	38	129	95	20
341	51	140	87	20
341	64	93	59	20
341	76	92	55	20
341	90	92	53	20
341	103	92	53	20
341	116	124	54	20
341	128	224	56	20
341	141	106	163	20
341	154	103	160	20
341	166	102	142	20
341	180	102	138	20
342	0	137	101	20
342	13	131	102	20
342	26	128	104	20
342	38	129	93	20
342	51	141	107	20
342	64	93	59	20
342	76	92	54	20
342	90	92	54	20
342	103	95	53	20
342	116	122	54	20
342	128	232	57	20
342	141	105	163	20
342	154	103	160	20
342	166	102	138	20
342	180	101	138	20
343	0	138	101	20
343	13	129	101	20
343	26	128	103	20
343	38	129	92	20
343	51	95	105	20
343	64	94	59	20
343	76	92	55	20
343	90	91	54	20
343	103	94	53	20
343	116	123	54	20
343	128	230	57	20
343	141	106	171	20
343	154	103	162	20
343	166	102	142	20
343	180	101	139	20
345	0	138	102	20
345	13	129	102	20
345	26	129	102	20
345	38	128	92	20
345	51	134	105	20
345	64	95	59	20
345	76	92	55	20
345	90	94	53	20
345	103	93	53	20
345	116	123	54	20
345	128	224	57	20
345	141	105	161	20
345	154	102	160	20
345	166	103	141	20
345	180	101	137	20
346	0	140	102	20
346	13	130	102	20
346	26	131	104	20
346	38	128	93	20
346	51	136	107	20
346	64	93	59	20
346	76	94	55	20
346	90	94	54	20
346	103	92	53	20
346	116	123	54	20
346	128	230	57	20
346	141	108	164	20
346	154	104	160	20
346	166	102	140	20
346	180	101	137	20
347	0	137	103	20
347	13	131	101	20
347	26	128	103	20
347	38	129	94	20
347	51	134	105	20
347	64	92	59	20
347	76	94	55	20
347	90	92	53	20
347	103	93	53	20
347	116	126	54	20
347	128	230	57	20
347	141	107	63	20
347	154	103	162	20
347	166	102	140	20
347	180	101	137	20
348	0	139	102	20
348	13	128	101	20
348	26	129	102	20
348	38	130	104	20
348	51	95	86	20
348	64	92	60	20
348	76	92	55	20
348	90	92	54	20
348	103	93	53	20
348	116	125	54	20
348	128	231	57	20
348	141	108	162	20
348	154	103	162	20
348	166	102	142	20
348	180	102	139	20
349	0	136	102	20
349	13	129	102	20
349	26	129	103	20
349	38	129	92	20
349	51	133	105	20
349	64	93	60	20
349	76	93	55	20
349	90	92	53	20
349	103	92	53	20
349	116	123	55	20
349	128	231	57	20
349	141	106	163	20
349	154	105	161	20
349	166	102	139	20
349	180	102	138	20
350	0	137	102	20
350	13	131	101	20
350	26	130	102	20
350	38	129	94	20
350	51	95	92	20
350	64	92	60	20
350	76	92	55	20
350	90	92	54	20
350	103	93	53	20
350	116	125	54	20
350	128	231	56	20
350	141	105	162	20
350	154	102	160	20
350	166	102	144	20
350	180	101	140	20
351	0	137	101	20
351	13	131	101	20
351	26	128	103	20
351	38	131	92	20
351	51	137	109	20
351	64	92	60	20
351	76	94	55	20
351	90	92	54	20
351	103	92	53	20
351	116	123	54	20
351	128	225	57	20
351	141	105	171	20
351	154	102	160	20
351	166	101	141	20
351	180	103	138	20
354	0	123	102	21
354	13	123	101	21
354	26	124	102	21
354	38	107	105	21
354	51	93	91	21
354	64	65	91	21
354	76	66	84	21
354	90	65	84	21
354	103	91	84	21
354	116	93	84	21
354	128	131	86	21
354	141	108	88	21
354	154	103	195	21
354	166	102	133	21
354	180	102	124	21
356	0	122	102	21
356	13	121	102	21
356	26	122	102	21
356	38	106	105	21
356	51	94	91	21
356	64	65	90	21
356	76	65	86	21
356	90	66	85	21
356	103	93	84	21
356	116	116	85	21
356	128	129	86	21
356	141	196	90	21
356	154	104	197	21
356	166	102	133	21
356	180	102	123	21
357	0	124	101	21
357	13	122	102	21
357	26	122	102	21
357	38	106	103	21
357	51	95	91	21
357	64	65	87	21
357	76	65	86	21
357	90	65	84	21
357	103	92	83	21
357	116	94	85	21
357	128	129	86	21
357	141	198	90	21
357	154	106	136	21
357	166	102	133	21
357	180	101	122	21
358	0	126	102	21
358	13	121	102	21
358	26	121	102	21
358	38	106	105	21
358	51	94	91	21
358	64	65	90	21
358	76	65	85	21
358	90	65	85	21
358	103	92	84	21
358	116	93	85	21
358	128	205	86	21
358	141	195	91	21
358	154	104	197	21
358	166	104	134	21
358	180	103	122	21
359	0	123	102	21
359	13	122	102	21
359	26	120	101	21
359	38	121	105	21
359	51	95	102	21
359	64	65	91	21
359	76	65	84	21
359	90	67	85	21
359	103	93	83	21
359	116	95	84	21
359	128	129	86	21
359	141	108	92	21
359	154	103	195	21
359	166	102	135	21
359	180	102	123	21
360	0	124	102	21
360	13	122	101	21
360	26	121	102	21
360	38	108	104	21
360	51	96	93	21
360	64	65	87	21
360	76	65	86	21
360	90	67	85	21
360	103	92	84	21
360	116	92	85	21
360	128	128	85	21
360	141	108	89	21
360	154	103	138	21
360	166	102	134	21
360	180	103	124	21
361	0	125	102	21
361	13	121	102	21
361	26	121	103	21
361	38	107	105	21
361	51	94	104	21
361	64	65	90	21
361	76	65	86	21
361	90	66	84	21
361	103	91	84	21
361	116	94	84	21
361	128	130	87	21
361	141	206	90	21
361	154	105	135	21
361	166	103	133	21
361	180	102	122	21
362	0	123	102	21
362	13	122	101	21
362	26	121	102	21
362	38	106	103	21
362	51	95	94	21
362	64	66	86	21
362	76	65	85	21
362	90	65	84	21
362	103	93	84	21
362	116	92	84	21
362	128	128	85	21
362	141	108	89	21
362	154	104	205	21
362	166	102	137	21
362	180	102	124	21
364	0	123	103	21
364	13	121	103	21
364	26	122	101	21
364	38	106	103	21
364	51	95	102	21
364	64	66	90	21
364	76	65	85	21
364	90	65	84	21
364	103	92	84	21
364	116	94	85	21
364	128	206	86	21
364	141	108	91	21
364	154	104	136	21
364	166	103	134	21
364	180	104	122	21
365	0	124	101	21
365	13	122	102	21
365	26	123	104	21
365	38	106	103	21
365	51	96	103	21
365	64	67	86	21
365	76	65	86	21
365	90	65	84	21
365	103	91	84	21
365	116	94	84	21
365	128	128	85	21
365	141	197	88	21
365	154	103	198	21
365	166	103	135	21
365	180	101	124	21
366	0	122	102	21
366	13	122	102	21
366	26	121	101	21
366	38	112	103	21
366	51	97	103	21
366	64	65	89	21
366	76	65	86	21
366	90	66	84	21
366	103	92	84	21
366	116	95	85	21
366	128	131	85	21
366	141	195	90	21
366	154	103	197	21
366	166	102	133	21
366	180	102	123	21
367	0	124	101	21
367	13	121	102	21
367	26	121	101	21
367	38	108	103	21
367	51	94	92	21
367	64	67	90	21
367	76	65	84	21
367	90	65	84	21
367	103	95	84	21
367	116	93	85	21
367	128	132	85	21
367	141	206	89	21
367	154	103	197	21
367	166	102	135	21
367	180	102	124	21
368	0	176	72	22
368	13	176	72	22
368	26	173	74	22
368	38	172	77	22
368	51	172	77	22
368	64	172	121	22
368	76	171	121	22
368	90	172	28	22
368	103	188	27	22
368	116	118	28	22
368	128	93	208	22
368	141	91	194	22
368	154	74	182	22
368	166	72	179	22
368	180	71	177	22
369	0	177	72	22
369	13	176	72	22
369	26	176	75	22
369	38	171	76	22
369	51	172	77	22
369	64	172	89	22
369	76	172	122	22
369	90	172	26	22
369	103	190	27	22
369	116	233	28	22
369	128	94	207	22
369	141	92	194	22
369	154	73	182	22
369	166	73	181	22
369	180	71	175	22
370	0	177	72	22
370	13	176	71	22
370	26	174	74	22
370	38	172	77	22
370	51	173	78	22
370	64	172	91	22
370	76	133	121	22
370	90	171	28	22
370	103	190	27	22
370	116	234	28	22
370	128	92	208	22
370	141	91	194	22
370	154	74	182	22
370	166	73	179	22
370	180	72	176	22
371	0	176	71	22
371	13	177	72	22
371	26	176	74	22
371	38	171	76	22
371	51	170	78	22
371	64	173	92	22
371	76	171	274	22
371	90	171	27	22
371	103	189	27	22
371	116	235	28	22
371	128	116	207	22
371	141	89	193	22
371	154	73	180	22
371	166	72	178	22
371	180	72	176	22
372	0	177	72	22
372	13	176	72	22
372	26	174	74	22
372	38	172	77	22
372	51	170	78	22
372	64	171	86	22
372	76	170	123	22
372	90	171	28	22
372	103	191	27	22
372	116	234	28	22
372	128	90	208	22
372	141	89	193	22
372	154	75	179	22
372	166	72	177	22
372	180	72	176	22
373	0	177	72	22
373	13	176	72	22
373	26	175	72	22
373	38	172	77	22
373	51	170	78	22
373	64	172	91	22
373	76	133	123	22
373	90	172	26	22
373	103	187	27	22
373	116	118	209	22
373	128	93	211	22
373	141	91	209	22
373	154	75	180	22
373	166	73	178	22
373	180	71	176	22
374	0	177	72	22
374	13	176	72	22
374	26	175	73	22
374	38	173	76	22
374	51	170	78	22
374	64	172	90	22
374	76	171	124	22
374	90	171	27	22
374	103	191	27	22
374	116	233	28	22
374	128	102	207	22
374	141	92	197	22
374	154	74	182	22
374	166	72	177	22
374	180	71	176	22
375	0	177	72	22
375	13	176	72	22
375	26	175	73	22
375	38	171	77	22
375	51	171	77	22
375	64	172	92	22
375	76	171	122	22
375	90	171	27	22
375	103	189	27	22
375	116	234	29	22
375	128	117	209	22
375	141	90	194	22
375	154	75	181	22
375	166	72	178	22
375	180	71	176	22
377	0	176	72	22
377	13	176	72	22
377	26	175	74	22
377	38	171	77	22
377	51	173	78	22
377	64	172	91	22
377	76	171	123	22
377	90	175	27	22
377	103	188	27	22
377	116	117	28	22
377	128	90	207	22
377	141	91	193	22
377	154	74	180	22
377	166	72	177	22
377	180	72	176	22
378	0	176	72	22
378	13	177	71	22
378	26	176	73	22
378	38	175	76	22
378	51	171	78	22
378	64	172	93	22
378	76	172	122	22
378	90	171	27	22
378	103	191	27	22
378	116	235	28	22
378	128	116	208	22
378	141	91	195	22
378	154	73	181	22
378	166	72	177	22
378	180	72	176	22
379	0	176	72	22
379	13	176	72	22
379	26	175	74	22
379	38	170	76	22
379	51	171	77	22
379	64	172	94	22
379	76	172	123	22
379	90	173	26	22
379	103	189	27	22
379	116	119	29	22
379	128	101	208	22
379	141	91	194	22
379	154	75	181	22
379	166	73	177	22
379	180	72	177	22
380	0	176	72	22
380	13	176	72	22
380	26	173	74	22
380	38	172	76	22
380	51	171	81	22
380	64	172	90	22
380	76	171	271	22
380	90	171	28	22
380	103	187	27	22
380	116	234	29	22
380	128	99	208	22
380	141	91	194	22
380	154	75	180	22
380	166	72	176	22
380	180	72	176	22
381	0	98	72	23
381	13	172	72	23
381	26	162	74	23
381	38	108	86	23
381	51	106	65	23
381	64	103	58	23
381	76	104	55	23
381	90	105	54	23
381	103	155	55	23
381	116	214	58	23
381	128	97	57	23
381	141	95	97	23
381	154	75	95	23
381	166	73	95	23
381	180	72	101	23
382	0	99	72	23
382	13	168	72	23
382	26	164	74	23
382	38	108	86	23
382	51	105	65	23
382	64	106	59	23
382	76	105	55	23
382	90	106	54	23
382	103	154	55	23
382	116	204	57	23
382	128	99	57	23
382	141	95	99	23
382	154	75	94	23
382	166	73	95	23
382	180	72	98	23
383	0	100	73	23
383	13	168	72	23
383	26	162	74	23
383	38	149	84	23
383	51	106	65	23
383	64	106	58	23
383	76	104	54	23
383	90	108	54	23
383	103	132	55	23
383	116	213	58	23
383	128	95	57	23
383	141	96	95	23
383	154	75	94	23
383	166	73	96	23
383	180	72	101	23
384	0	98	73	23
384	13	172	73	23
384	26	162	74	23
384	38	109	85	23
384	51	105	65	23
384	64	105	58	23
384	76	105	55	23
384	90	107	54	23
384	103	134	54	23
384	116	203	58	23
384	128	97	58	23
384	141	96	100	23
384	154	75	97	23
384	166	73	96	23
384	180	73	98	23
386	0	99	72	23
386	13	167	72	23
386	26	162	74	23
386	38	152	85	23
386	51	105	65	23
386	64	104	59	23
386	76	105	55	23
386	90	107	53	23
386	103	155	55	23
386	116	218	58	23
386	128	96	57	23
386	141	95	96	23
386	154	74	99	23
386	166	72	96	23
386	180	73	98	23
387	0	100	73	23
387	13	169	73	23
387	26	162	73	23
387	38	109	86	23
387	51	106	66	23
387	64	96	58	23
387	76	104	55	23
387	90	107	53	23
387	103	155	55	23
387	116	213	57	23
387	128	96	58	23
387	141	95	96	23
387	154	75	95	23
387	166	72	97	23
387	180	72	98	23
388	0	98	72	23
388	13	169	72	23
388	26	162	74	23
388	38	108	84	23
388	51	105	65	23
388	64	105	59	23
388	76	106	55	23
388	90	106	53	23
388	103	155	55	23
388	116	211	57	23
388	128	95	56	23
388	141	96	97	23
388	154	74	94	23
388	166	72	96	23
388	180	72	99	23
389	0	102	72	23
389	13	166	73	23
389	26	162	73	23
389	38	149	85	23
389	51	107	65	23
389	64	95	59	23
389	76	104	55	23
389	90	107	53	23
389	103	134	55	23
389	116	207	57	23
389	128	95	57	23
389	141	94	97	23
389	154	75	94	23
389	166	72	96	23
389	180	72	98	23
390	0	101	72	23
390	13	172	72	23
390	26	164	74	23
390	38	150	86	23
390	51	106	66	23
390	64	104	58	23
390	76	107	55	23
390	90	106	54	23
390	103	131	55	23
390	116	207	58	23
390	128	99	58	23
390	141	95	96	23
390	154	74	95	23
390	166	72	98	23
390	180	73	174	23
391	0	99	72	23
391	13	169	72	23
391	26	161	74	23
391	38	149	84	23
391	51	104	65	23
391	64	105	58	23
391	76	104	55	23
391	90	105	54	23
391	103	133	54	23
391	116	206	57	23
391	128	96	58	23
391	141	95	96	23
391	154	74	95	23
391	166	73	96	23
391	180	73	102	23
392	0	100	73	23
392	13	168	72	23
392	26	161	74	23
392	38	149	85	23
392	51	106	65	23
392	64	105	58	23
392	76	106	55	23
392	90	107	54	23
392	103	133	55	23
392	116	207	57	23
392	128	99	57	23
392	141	96	97	23
392	154	75	94	23
392	166	72	98	23
392	180	72	99	23
