1	0	35	43	1
1	13	36	43	1
1	26	36	45	1
1	38	90	115	1
1	51	90	121	1
1	64	90	169	1
1	76	95	139	1
1	90	162	140	1
1	103	163	138	1
1	116	196	140	1
1	128	205	115	1
1	141	187	116	1
1	154	46	104	1
1	166	43	38	1
1	180	43	36	1
2	0	36	44	1
2	13	35	44	1
2	26	36	45	1
2	38	89	118	1
2	51	90	121	1
2	64	90	171	1
2	76	90	140	1
2	90	161	141	1
2	103	163	138	1
2	116	166	140	1
2	128	204	115	1
2	141	197	115	1
2	154	46	107	1
2	166	43	39	1
2	180	43	37	1
3	0	36	44	1
3	13	35	44	1
3	26	36	45	1
3	38	90	115	1
3	51	90	121	1
3	64	90	169	1
3	76	93	140	1
3	90	161	140	1
3	103	164	138	1
3	116	165	141	1
3	128	205	116	1
3	141	49	119	1
3	154	46	104	1
3	166	43	39	1
3	180	43	36	1
4	0	35	43	1
4	13	35	43	1
4	26	36	45	1
4	38	90	117	1
4	51	89	119	1
4	64	90	170	1
4	76	96	139	1
4	90	162	138	1
4	103	163	140	1
4	116	167	140	1
4	128	202	118	1
4	141	49	116	1
4	154	46	105	1
4	166	43	39	1
4	180	43	36	1
5	0	36	44	1
5	13	35	44	1
5	26	37	45	1
5	38	90	116	1
5	51	89	122	1
5	64	91	170	1
5	76	94	139	1
5	90	161	140	1
5	103	164	142	1
5	116	165	141	1
5	128	203	117	1
5	141	49	117	1
5	154	46	104	1
5	166	43	39	1
5	180	43	36	1
6	0	35	43	1
6	13	35	44	1
6	26	36	45	1
6	38	90	118	1
6	51	90	121	1
6	64	90	167	1
6	76	98	138	1
6	90	162	138	1
6	103	162	139	1
6	116	163	139	1
6	128	202	116	1
6	141	49	117	1
6	154	46	103	1
6	166	44	39	1
6	180	43	36	1
7	0	36	44	1
7	13	35	44	1
7	26	36	44	1
7	38	89	116	1
7	51	89	118	1
7	64	89	169	1
7	76	93	139	1
7	90	162	140	1
7	103	163	139	1
7	116	165	139	1
7	128	203	116	1
7	141	49	116	1
7	154	46	105	1
7	166	44	39	1
7	180	43	36	1
8	0	36	44	1
8	13	35	43	1
8	26	37	45	1
8	38	90	115	1
8	51	90	119	1
8	64	89	172	1
8	76	93	216	1
8	90	161	140	1
8	103	162	138	1
8	116	165	142	1
8	128	202	116	1
8	141	49	117	1
8	154	46	104	1
8	166	44	39	1
8	180	43	36	1
10	0	36	44	1
10	13	36	44	1
10	26	36	45	1
10	38	90	114	1
10	51	90	122	1
10	64	90	170	1
10	76	95	140	1
10	90	161	140	1
10	103	163	138	1
10	116	163	140	1
10	128	206	116	1
10	141	48	116	1
10	154	46	103	1
10	166	44	39	1
10	180	43	36	1
11	0	35	44	1
11	13	35	44	1
11	26	36	45	1
11	38	90	116	1
11	51	89	120	1
11	64	89	169	1
11	76	91	139	1
11	90	162	139	1
11	103	162	139	1
11	116	163	142	1
11	128	204	115	1
11	141	50	115	1
11	154	46	104	1
11	166	44	38	1
11	180	43	36	1
12	0	35	43	1
12	13	35	44	1
12	26	37	45	1
12	38	89	114	1
12	51	89	118	1
12	64	90	169	1
12	76	91	141	1
12	90	161	138	1
12	103	162	138	1
12	116	166	139	1
12	128	204	117	1
12	141	49	115	1
12	154	46	104	1
12	166	44	38	1
12	180	43	36	1
13	0	35	43	1
13	13	35	43	1
13	26	36	44	1
13	38	90	117	1
13	51	89	119	1
13	64	90	169	1
13	76	94	140	1
13	90	162	138	1
13	103	162	139	1
13	116	201	139	1
13	128	202	118	1
13	141	49	115	1
13	154	46	103	1
13	166	43	39	1
13	180	43	36	1
14	0	35	44	1
14	13	36	44	1
14	26	36	44	1
14	38	90	117	1
14	51	90	120	1
14	64	90	173	1
14	76	92	140	1
14	90	161	139	1
14	103	162	138	1
14	116	164	141	1
14	128	202	115	1
14	141	49	115	1
14	154	46	106	1
14	166	44	38	1
14	180	43	36	1
15	0	35	43	1
15	13	35	44	1
15	26	36	44	1
15	38	89	116	1
15	51	89	120	1
15	64	90	169	1
15	76	95	141	1
15	90	162	138	1
15	103	162	139	1
15	116	163	142	1
15	128	202	115	1
15	141	50	115	1
15	154	45	103	1
15	166	44	39	1
15	180	43	36	1
16	0	35	44	1
16	13	35	44	1
16	26	36	44	1
16	38	90	117	1
16	51	89	119	1
16	64	90	169	1
16	76	91	140	1
16	90	161	139	1
16	103	162	138	1
16	116	165	141	1
16	128	202	116	1
16	141	48	116	1
16	154	46	103	1
16	166	44	38	1
16	180	43	37	1
18	0	111	47	2
18	13	68	46	2
18	26	69	46	2
18	38	72	126	2
18	51	91	151	2
18	64	103	244	2
18	76	110	171	2
18	90	109	171	2
18	103	133	171	2
18	116	195	174	2
18	128	198	245	2
18	141	177	110	2
18	154	147	104	2
18	166	47	77	2
18	180	45	70	2
22	0	48	47	2
22	13	68	46	2
22	26	68	46	2
22	38	71	126	2
22	51	91	147	2
22	64	105	260	2
22	76	108	172	2
22	90	110	171	2
22	103	132	174	2
22	116	195	173	2
22	128	198	178	2
22	141	177	0	2
22	154	146	106	2
22	166	47	78	2
22	180	46	68	2
23	0	49	46	2
23	13	68	47	2
23	26	68	47	2
23	38	71	129	2
23	51	93	313	2
23	64	105	246	2
23	76	108	172	2
23	90	109	169	2
23	103	132	174	2
23	116	195	173	2
23	128	196	174	2
23	141	181	109	2
23	154	147	87	2
23	166	46	77	2
23	180	45	69	2
24	0	48	46	2
24	13	67	46	2
24	26	68	46	2
24	38	72	146	2
24	51	95	313	2
24	64	108	245	2
24	76	109	172	2
24	90	111	171	2
24	103	133	170	2
24	116	195	176	2
24	128	199	244	2
24	141	176	109	2
24	154	145	86	2
24	166	46	78	2
24	180	46	68	2
25	0	49	46	2
25	13	68	47	2
25	26	69	46	2
25	38	72	126	2
25	51	101	149	2
25	64	103	246	2
25	76	108	172	2
25	90	110	172	2
25	103	133	170	2
25	116	195	174	2
25	128	197	177	2
25	141	178	345	2
25	154	147	103	2
25	166	47	77	2
25	180	45	68	2
28	0	48	46	2
28	13	68	47	2
28	26	69	47	2
28	38	72	129	2
28	51	102	151	2
28	64	107	245	2
28	76	108	170	2
28	90	111	172	2
28	103	132	171	2
28	116	197	175	2
28	128	197	175	2
28	141	177	110	2
28	154	147	103	2
28	166	46	78	2
28	180	46	68	2
29	0	48	47	2
29	13	68	47	2
29	26	68	47	2
29	38	72	147	2
29	51	93	274	2
29	64	103	247	2
29	76	108	175	2
29	90	110	171	2
29	103	132	170	2
29	116	195	174	2
29	128	198	245	2
29	141	178	348	2
29	154	147	106	2
29	166	46	77	2
29	180	46	68	2
30	0	47	46	2
30	13	68	46	2
30	26	69	47	2
30	38	72	128	2
30	51	102	274	2
30	64	105	245	2
30	76	109	171	2
30	90	109	172	2
30	103	132	171	2
30	116	195	174	2
30	128	198	246	2
30	141	178	108	2
30	154	148	104	2
30	166	46	78	2
30	180	46	69	2
31	0	47	47	2
31	13	67	47	2
31	26	68	47	2
31	38	72	142	2
31	51	100	148	2
31	64	91	245	2
31	76	110	172	2
31	90	108	171	2
31	103	134	169	2
31	116	196	173	2
31	128	197	178	2
31	141	177	109	2
31	154	149	87	2
31	166	47	78	2
31	180	45	70	2
32	0	48	46	2
32	13	67	47	2
32	26	68	47	2
32	38	72	126	2
32	51	90	148	2
32	64	102	244	2
32	76	109	171	2
32	90	109	169	2
32	103	133	173	2
32	116	196	173	2
32	128	197	175	2
32	141	178	231	2
32	154	150	103	2
32	166	46	77	2
32	180	45	69	2
33	0	47	46	2
33	13	68	46	2
33	26	68	46	2
33	38	72	128	2
33	51	101	273	2
33	64	103	245	2
33	76	110	172	2
33	90	109	169	2
33	103	133	171	2
33	116	197	174	2
33	128	197	246	2
33	141	178	110	2
33	154	145	80	2
33	166	46	77	2
33	180	45	69	2
34	0	48	46	2
34	13	68	47	2
34	26	69	46	2
34	38	72	128	2
34	51	91	276	2
34	64	104	246	2
34	76	109	172	2
34	90	111	170	2
34	103	133	174	2
34	116	195	175	2
34	128	198	180	2
34	141	177	345	2
34	154	146	105	2
34	166	47	78	2
34	180	45	70	2
36	0	48	46	2
36	13	67	47	2
36	26	69	47	2
36	38	71	143	2
36	51	101	275	2
36	64	107	246	2
36	76	107	173	2
36	90	111	170	2
36	103	134	172	2
36	116	195	173	2
36	128	197	245	2
36	141	180	108	2
36	154	146	104	2
36	166	47	77	2
36	180	45	69	2
38	0	61	46	3
38	13	61	45	3
38	26	61	47	3
38	38	61	62	3
38	51	63	63	3
38	64	103	63	3
38	76	102	204	3
38	90	104	204	3
38	103	116	205	3
38	116	165	130	3
38	128	142	96	3
38	141	141	83	3
38	154	139	83	3
38	166	46	83	3
38	180	46	61	3
39	0	61	47	3
39	13	60	45	3
39	26	61	48	3
39	38	61	63	3
39	51	64	62	3
39	64	103	63	3
39	76	102	203	3
39	90	104	202	3
39	103	119	205	3
39	116	165	130	3
39	128	144	84	3
39	141	141	82	3
39	154	140	83	3
39	166	46	82	3
39	180	46	61	3
40	0	61	47	3
40	13	61	46	3
40	26	60	47	3
40	38	61	63	3
40	51	63	63	3
40	64	103	65	3
40	76	102	205	3
40	90	104	202	3
40	103	116	205	3
40	116	165	115	3
40	128	142	84	3
40	141	141	84	3
40	154	140	83	3
40	166	46	81	3
40	180	46	62	3
41	0	62	47	3
41	13	60	47	3
41	26	61	48	3
41	38	62	63	3
41	51	65	63	3
41	64	103	64	3
41	76	102	203	3
41	90	107	205	3
41	103	115	206	3
41	116	165	116	3
41	128	144	96	3
41	141	141	82	3
41	154	140	83	3
41	166	47	82	3
41	180	46	62	3
42	0	62	46	3
42	13	60	46	3
42	26	61	47	3
42	38	61	62	3
42	51	63	61	3
42	64	103	63	3
42	76	102	203	3
42	90	106	201	3
42	103	117	203	3
42	116	165	130	3
42	128	167	85	3
42	141	140	84	3
42	154	139	83	3
42	166	47	82	3
42	180	45	61	3
43	0	61	46	3
43	13	60	46	3
43	26	60	47	3
43	38	61	63	3
43	51	63	62	3
43	64	102	64	3
43	76	104	204	3
43	90	104	202	3
43	103	115	205	3
43	116	165	130	3
43	128	144	111	3
43	141	140	82	3
43	154	140	82	3
43	166	46	82	3
43	180	45	61	3
44	0	62	47	3
44	13	60	45	3
44	26	60	47	3
44	38	62	62	3
44	51	64	62	3
44	64	103	64	3
44	76	102	205	3
44	90	104	203	3
44	103	115	204	3
44	116	165	131	3
44	128	143	85	3
44	141	140	83	3
44	154	140	83	3
44	166	46	81	3
44	180	45	61	3
45	0	61	46	3
45	13	60	46	3
45	26	60	47	3
45	38	62	63	3
45	51	63	62	3
45	64	102	63	3
45	76	102	204	3
45	90	105	204	3
45	103	114	205	3
45	116	166	115	3
45	128	142	93	3
45	141	140	83	3
45	154	140	83	3
45	166	46	83	3
45	180	46	62	3
47	0	62	46	3
47	13	61	47	3
47	26	61	48	3
47	38	61	64	3
47	51	64	63	3
47	64	102	63	3
47	76	102	204	3
47	90	104	201	3
47	103	114	205	3
47	116	165	132	3
47	128	144	84	3
47	141	142	82	3
47	154	139	83	3
47	166	47	82	3
47	180	46	62	3
48	0	61	46	3
48	13	60	45	3
48	26	60	47	3
48	38	62	62	3
48	51	64	62	3
48	64	103	64	3
48	76	102	204	3
48	90	103	203	3
48	103	115	204	3
48	116	165	115	3
48	128	166	93	3
48	141	141	83	3
48	154	140	82	3
48	166	46	83	3
48	180	46	61	3
49	0	61	46	3
49	13	60	46	3
49	26	60	47	3
49	38	62	62	3
49	51	63	63	3
49	64	102	63	3
49	76	102	205	3
49	90	103	202	3
49	103	119	205	3
49	116	165	114	3
49	128	145	94	3
49	141	140	83	3
49	154	141	82	3
49	166	47	83	3
49	180	46	62	3
50	0	62	46	3
50	13	60	46	3
50	26	60	48	3
50	38	61	64	3
50	51	63	63	3
50	64	103	63	3
50	76	102	203	3
50	90	103	202	3
50	103	115	204	3
50	116	165	116	3
50	128	144	86	3
50	141	140	83	3
50	154	140	83	3
50	166	47	83	3
50	180	46	62	3
51	0	61	46	3
51	13	60	46	3
51	26	60	47	3
51	38	61	62	3
51	51	63	62	3
51	64	102	63	3
51	76	104	204	3
51	90	102	201	3
51	103	118	203	3
51	116	165	114	3
51	128	145	93	3
51	141	142	82	3
51	154	140	84	3
51	166	47	81	3
51	180	45	61	3
52	0	61	46	3
52	13	61	46	3
52	26	61	47	3
52	38	61	63	3
52	51	64	62	3
52	64	104	64	3
52	76	102	206	3
52	90	104	204	3
52	103	155	205	3
52	116	165	130	3
52	128	143	95	3
52	141	140	83	3
52	154	139	83	3
52	166	45	82	3
52	180	45	62	3
53	0	61	46	3
53	13	60	47	3
53	26	60	47	3
53	38	61	62	3
53	51	64	62	3
53	64	103	63	3
53	76	102	205	3
53	90	103	201	3
53	103	118	205	3
53	116	166	205	3
53	128	144	85	3
53	141	142	83	3
53	154	140	82	3
53	166	47	81	3
53	180	46	62	3
55	0	56	194	4
55	13	56	194	4
55	26	56	148	4
55	38	56	90	4
55	51	79	86	4
55	64	77	85	4
55	76	78	85	4
55	90	89	86	4
55	103	96	94	4
55	116	134	94	4
55	128	135	93	4
55	141	136	94	4
55	154	197	88	4
55	166	194	59	4
55	180	194	57	4
57	0	56	195	4
57	13	56	194	4
57	26	56	148	4
57	38	57	88	4
57	51	78	85	4
57	64	77	86	4
57	76	80	86	4
57	90	88	87	4
57	103	133	88	4
57	116	134	94	4
57	128	137	92	4
57	141	136	97	4
57	154	195	92	4
57	166	194	59	4
57	180	194	57	4
58	0	56	195	4
58	13	56	194	4
58	26	56	151	4
58	38	57	89	4
58	51	78	86	4
58	64	77	86	4
58	76	80	87	4
58	90	90	87	4
58	103	97	94	4
58	116	134	94	4
58	128	134	92	4
58	141	137	97	4
58	154	198	93	4
58	166	195	58	4
58	180	194	57	4
59	0	56	195	4
59	13	56	195	4
59	26	56	149	4
59	38	57	91	4
59	51	78	87	4
59	64	76	86	4
59	76	79	85	4
59	90	89	86	4
59	103	133	89	4
59	116	133	94	4
59	128	136	94	4
59	141	137	98	4
59	154	196	89	4
59	166	195	59	4
59	180	193	57	4
60	0	56	194	4
60	13	56	194	4
60	26	56	148	4
60	38	56	90	4
60	51	78	85	4
60	64	77	86	4
60	76	78	85	4
60	90	89	86	4
60	103	133	90	4
60	116	134	93	4
60	128	136	92	4
60	141	137	96	4
60	154	196	93	4
60	166	195	59	4
60	180	95	57	4
61	0	56	195	4
61	13	56	194	4
61	26	56	147	4
61	38	56	88	4
61	51	78	87	4
61	64	77	85	4
61	76	80	87	4
61	90	89	86	4
61	103	94	89	4
61	116	134	93	4
61	128	138	92	4
61	141	138	99	4
61	154	196	93	4
61	166	194	58	4
61	180	194	57	4
62	0	56	195	4
62	13	56	194	4
62	26	55	148	4
62	38	56	86	4
62	51	78	87	4
62	64	77	86	4
62	76	78	86	4
62	90	89	87	4
62	103	93	94	4
62	116	133	93	4
62	128	135	94	4
62	141	139	96	4
62	154	196	93	4
62	166	194	59	4
62	180	194	57	4
63	0	57	195	4
63	13	56	195	4
63	26	56	147	4
63	38	57	90	4
63	51	78	87	4
63	64	77	85	4
63	76	79	85	4
63	90	89	86	4
63	103	96	88	4
63	116	133	92	4
63	128	135	93	4
63	141	136	97	4
63	154	200	88	4
63	166	195	58	4
63	180	194	57	4
65	0	57	195	4
65	13	55	195	4
65	26	56	150	4
65	38	57	90	4
65	51	78	86	4
65	64	77	86	4
65	76	79	86	4
65	90	90	86	4
65	103	92	95	4
65	116	134	93	4
65	128	135	93	4
65	141	137	97	4
65	154	196	88	4
65	166	194	59	4
65	180	195	57	4
66	0	56	195	4
66	13	56	194	4
66	26	56	148	4
66	38	56	89	4
66	51	77	86	4
66	64	77	86	4
66	76	79	87	4
66	90	89	87	4
66	103	93	95	4
66	116	133	92	4
66	128	134	91	4
66	141	137	96	4
66	154	197	90	4
66	166	195	58	4
66	180	193	57	4
67	0	57	196	4
67	13	56	194	4
67	26	56	151	4
67	38	57	87	4
67	51	79	86	4
67	64	76	85	4
67	76	79	87	4
67	90	90	86	4
67	103	96	90	4
67	116	134	93	4
67	128	135	91	4
67	141	138	102	4
67	154	196	89	4
67	166	195	59	4
67	180	194	57	4
68	0	57	194	4
68	13	55	194	4
68	26	56	173	4
68	38	57	88	4
68	51	79	85	4
68	64	78	85	4
68	76	78	86	4
68	90	89	87	4
68	103	95	95	4
68	116	134	95	4
68	128	135	93	4
68	141	137	99	4
68	154	198	90	4
68	166	195	59	4
68	180	194	57	4
69	0	56	195	4
69	13	56	194	4
69	26	56	149	4
69	38	57	90	4
69	51	79	87	4
69	64	76	85	4
69	76	79	86	4
69	90	89	88	4
69	103	134	91	4
69	116	134	89	4
69	128	134	92	4
69	141	135	94	4
69	154	196	89	4
69	166	194	58	4
69	180	193	57	4
70	0	56	194	4
70	13	55	196	4
70	26	56	149	4
70	38	56	88	4
70	51	77	86	4
70	64	77	85	4
70	76	80	86	4
70	90	89	87	4
70	103	95	88	4
70	116	134	93	4
70	128	135	92	4
70	141	139	100	4
70	154	195	91	4
70	166	195	59	4
70	180	194	56	4
73	0	52	196	5
73	13	51	195	5
73	26	51	93	5
73	38	52	88	5
73	51	62	93	5
73	64	56	112	5
73	76	62	112	5
73	90	102	112	5
73	103	104	115	5
73	116	103	119	5
73	128	104	90	5
73	141	103	85	5
73	154	113	87	5
73	166	113	54	5
73	180	194	52	5
75	0	52	195	5
75	13	52	197	5
75	26	51	92	5
75	38	52	90	5
75	51	55	95	5
75	64	57	95	5
75	76	61	112	5
75	90	104	112	5
75	103	102	114	5
75	116	103	119	5
75	128	103	90	5
75	141	105	88	5
75	154	112	87	5
75	166	114	89	5
75	180	195	52	5
76	0	51	198	5
76	13	51	196	5
76	26	51	93	5
76	38	52	91	5
76	51	61	87	5
76	64	56	95	5
76	76	62	113	5
76	90	102	113	5
76	103	103	113	5
76	116	104	119	5
76	128	105	118	5
76	141	104	86	5
76	154	107	89	5
76	166	195	55	5
76	180	195	52	5
77	0	51	195	5
77	13	51	196	5
77	26	51	90	5
77	38	52	92	5
77	51	62	88	5
77	64	56	113	5
77	76	63	114	5
77	90	103	112	5
77	103	102	118	5
77	116	103	119	5
77	128	103	90	5
77	141	104	87	5
77	154	113	85	5
77	166	112	55	5
77	180	194	52	5
78	0	51	195	5
78	13	51	194	5
78	26	51	94	5
78	38	52	90	5
78	51	54	88	5
78	64	57	88	5
78	76	62	112	5
78	90	104	113	5
78	103	102	115	5
78	116	103	118	5
78	128	104	119	5
78	141	105	88	5
78	154	115	89	5
78	166	113	54	5
78	180	194	52	5
79	0	52	198	5
79	13	51	194	5
79	26	51	90	5
79	38	52	90	5
79	51	55	90	5
79	64	56	113	5
79	76	62	112	5
79	90	102	112	5
79	103	102	115	5
79	116	103	119	5
79	128	104	93	5
79	141	104	86	5
79	154	115	85	5
79	166	196	90	5
79	180	194	52	5
80	0	52	195	5
80	13	52	194	5
80	26	51	92	5
80	38	52	92	5
80	51	54	95	5
80	64	57	114	5
80	76	61	114	5
80	90	103	112	5
80	103	103	114	5
80	116	104	121	5
80	128	103	117	5
80	141	106	89	5
80	154	114	90	5
80	166	113	87	5
80	180	194	52	5
81	0	52	196	5
81	13	52	195	5
81	26	52	93	5
81	38	52	88	5
81	51	54	89	5
81	64	57	92	5
81	76	62	112	5
81	90	104	114	5
81	103	103	115	5
81	116	105	121	5
81	128	104	117	5
81	141	105	91	5
81	154	113	87	5
81	166	115	56	5
81	180	194	53	5
82	0	52	196	5
82	13	51	195	5
82	26	51	92	5
82	38	52	90	5
82	51	62	88	5
82	64	57	96	5
82	76	62	113	5
82	90	102	112	5
82	103	104	115	5
82	116	102	120	5
82	128	105	87	5
82	141	108	89	5
82	154	115	87	5
82	166	113	87	5
82	180	194	53	5
84	0	51	195	5
84	13	52	195	5
84	26	51	91	5
84	38	53	94	5
84	51	54	89	5
84	64	57	113	5
84	76	62	113	5
84	90	102	112	5
84	103	102	115	5
84	116	103	120	5
84	128	104	86	5
84	141	104	88	5
84	154	117	120	5
84	166	113	90	5
84	180	195	52	5
85	0	51	196	5
85	13	51	195	5
85	26	51	92	5
85	38	53	93	5
85	51	55	88	5
85	64	56	113	5
85	76	61	112	5
85	90	102	114	5
85	103	102	120	5
85	116	105	119	5
85	128	103	118	5
85	141	108	89	5
85	154	113	86	5
85	166	114	89	5
85	180	195	52	5
86	0	51	195	5
86	13	51	195	5
86	26	51	92	5
86	38	52	93	5
86	51	61	95	5
86	64	56	97	5
86	76	61	114	5
86	90	102	113	5
86	103	102	114	5
86	116	104	120	5
86	128	104	92	5
86	141	104	85	5
86	154	113	89	5
86	166	113	55	5
86	180	195	52	5
87	0	52	195	5
87	13	51	194	5
87	26	51	93	5
87	38	53	88	5
87	51	61	88	5
87	64	57	97	5
87	76	62	112	5
87	90	102	112	5
87	103	103	117	5
87	116	103	120	5
87	128	104	87	5
87	141	103	89	5
87	154	115	91	5
87	166	113	87	5
87	180	193	52	5
88	0	52	195	5
88	13	52	195	5
88	26	51	90	5
88	38	51	92	5
88	51	62	94	5
88	64	57	113	5
88	76	62	112	5
88	90	103	112	5
88	103	102	114	5
88	116	103	119	5
88	128	105	119	5
88	141	104	87	5
88	154	114	121	5
88	166	115	54	5
88	180	194	52	5
90	0	44	198	6
90	13	43	196	6
90	26	42	195	6
90	38	44	114	6
90	51	90	97	6
90	64	76	96	6
90	76	75	95	6
90	90	74	100	6
90	103	73	149	6
90	116	73	105	6
90	128	75	105	6
90	141	85	104	6
90	154	85	104	6
90	166	196	110	6
90	180	194	46	6
91	0	45	195	6
91	13	42	196	6
91	26	42	196	6
91	38	45	119	6
91	51	45	95	6
91	64	76	96	6
91	76	75	96	6
91	90	73	141	6
91	103	74	152	6
91	116	74	107	6
91	128	74	105	6
91	141	85	105	6
91	154	85	106	6
91	166	196	109	6
91	180	194	45	6
92	0	44	195	6
92	13	43	195	6
92	26	42	197	6
92	38	44	141	6
92	51	92	96	6
92	64	77	97	6
92	76	74	96	6
92	90	73	99	6
92	103	73	150	6
92	116	74	106	6
92	128	75	105	6
92	141	85	107	6
92	154	86	197	6
92	166	195	116	6
92	180	194	46	6
93	0	45	196	6
93	13	43	196	6
93	26	41	196	6
93	38	45	118	6
93	51	93	97	6
93	64	76	95	6
93	76	75	97	6
93	90	74	141	6
93	103	73	150	6
93	116	73	106	6
93	128	75	104	6
93	141	85	105	6
93	154	87	194	6
93	166	196	94	6
93	180	196	100	6
94	0	45	196	6
94	13	43	196	6
94	26	42	199	6
94	38	45	116	6
94	51	46	100	6
94	64	76	95	6
94	76	75	100	6
94	90	72	99	6
94	103	73	151	6
94	116	73	105	6
94	128	75	103	6
94	141	85	105	6
94	154	85	108	6
94	166	194	106	6
94	180	195	46	6
95	0	44	196	6
95	13	42	196	6
95	26	41	198	6
95	38	44	217	6
95	51	46	97	6
95	64	76	94	6
95	76	74	94	6
95	90	74	144	6
95	103	74	150	6
95	116	74	106	6
95	128	75	105	6
95	141	86	107	6
95	154	86	0	6
95	166	195	116	6
95	180	194	45	6
96	0	44	195	6
96	13	42	195	6
96	26	42	195	6
96	38	44	142	6
96	51	90	99	6
96	64	75	97	6
96	76	74	97	6
96	90	73	143	6
96	103	73	150	6
96	116	74	150	6
96	128	76	105	6
96	141	85	108	6
96	154	85	103	6
96	166	195	114	6
96	180	195	46	6
97	0	44	195	6
97	13	43	195	6
97	26	42	196	6
97	38	44	117	6
97	51	47	100	6
97	64	76	97	6
97	76	75	96	6
97	90	73	142	6
97	103	74	149	6
97	116	74	107	6
97	128	74	105	6
97	141	85	106	6
97	154	85	0	6
97	166	196	112	6
97	180	194	46	6
99	0	45	195	6
99	13	43	195	6
99	26	42	196	6
99	38	44	142	6
99	51	46	98	6
99	64	76	94	6
99	76	75	96	6
99	90	73	143	6
99	103	73	150	6
99	116	74	106	6
99	128	75	105	6
99	141	86	106	6
99	154	85	105	6
99	166	196	113	6
99	180	195	46	6
100	0	44	196	6
100	13	42	197	6
100	26	41	197	6
100	38	44	212	6
100	51	47	99	6
100	64	41	95	6
100	76	75	98	6
100	90	74	141	6
100	103	73	149	6
100	116	74	107	6
100	128	74	107	6
100	141	85	106	6
100	154	87	107	6
100	166	195	94	6
100	180	194	46	6
101	0	44	195	6
101	13	42	195	6
101	26	42	198	6
101	38	45	119	6
101	51	46	101	6
101	64	75	96	6
101	76	74	96	6
101	90	73	141	6
101	103	73	152	6
101	116	73	105	6
101	128	75	104	6
101	141	85	104	6
101	154	86	104	6
101	166	196	111	6
101	180	196	45	6
102	0	45	195	6
102	13	42	196	6
102	26	42	198	6
102	38	44	117	6
102	51	46	98	6
102	64	76	95	6
102	76	75	97	6
102	90	73	142	6
102	103	73	152	6
102	116	74	105	6
102	128	74	106	6
102	141	85	106	6
102	154	86	108	6
102	166	196	114	6
102	180	195	45	6
103	0	45	195	6
103	13	43	196	6
103	26	42	196	6
103	38	44	120	6
103	51	128	97	6
103	64	76	95	6
103	76	74	97	6
103	90	73	142	6
103	103	73	149	6
103	116	73	104	6
103	128	74	106	6
103	141	85	107	6
103	154	85	107	6
103	166	196	109	6
103	180	195	46	6
104	0	45	196	6
104	13	42	195	6
104	26	42	197	6
104	38	45	119	6
104	51	46	97	6
104	64	76	95	6
104	76	75	95	6
104	90	73	99	6
104	103	73	149	6
104	116	73	106	6
104	128	74	108	6
104	141	86	107	6
104	154	85	106	6
104	166	195	111	6
104	180	194	46	6
105	0	44	195	6
105	13	42	196	6
105	26	42	196	6
105	38	44	218	6
105	51	131	97	6
105	64	76	96	6
105	76	74	95	6
105	90	72	142	6
105	103	73	150	6
105	116	73	106	6
105	128	74	105	6
105	141	85	106	6
105	154	87	109	6
105	166	195	112	6
105	180	194	45	6
106	0	45	196	6
106	13	43	197	6
106	26	42	195	6
106	38	45	119	6
106	51	46	101	6
106	64	76	96	6
106	76	74	97	6
106	90	74	141	6
106	103	73	150	6
106	116	74	106	6
106	128	74	106	6
106	141	85	105	6
106	154	87	196	6
106	166	195	114	6
106	180	195	46	6
108	0	44	197	6
108	13	43	195	6
108	26	42	196	6
108	38	45	122	6
108	51	46	97	6
108	64	75	96	6
108	76	75	96	6
108	90	73	142	6
108	103	74	151	6
108	116	73	106	6
108	128	75	106	6
108	141	85	106	6
108	154	86	0	6
108	166	195	71	6
108	180	196	45	6
109	0	44	196	6
109	13	42	195	6
109	26	42	197	6
109	38	44	114	6
109	51	47	98	6
109	64	76	95	6
109	76	75	95	6
109	90	73	143	6
109	103	73	151	6
109	116	74	106	6
109	128	75	106	6
109	141	85	150	6
109	154	85	197	6
109	166	91	117	6
109	180	195	46	6
110	0	44	196	6
110	13	42	195	6
110	26	41	195	6
110	38	45	143	6
110	51	46	99	6
110	64	76	96	6
110	76	74	95	6
110	90	73	98	6
110	103	73	150	6
110	116	74	106	6
110	128	74	108	6
110	141	86	106	6
110	154	85	104	6
110	166	197	113	6
110	180	194	47	6
114	0	28	69	7
114	13	28	194	7
114	26	28	200	7
114	38	31	225	7
114	51	50	146	7
114	64	46	126	7
114	76	44	125	7
114	90	43	125	7
114	103	44	175	7
114	116	44	94	7
114	128	46	87	7
114	141	58	86	7
114	154	68	0	7
114	166	66	246	7
114	180	68	29	7
116	0	29	68	7
116	13	28	197	7
116	26	29	204	7
116	38	31	224	7
116	51	50	145	7
116	64	45	125	7
116	76	45	124	7
116	90	43	126	7
116	103	44	175	7
116	116	45	94	7
116	128	45	91	7
116	141	58	87	7
116	154	67	0	7
116	166	67	244	7
116	180	69	29	7
118	0	28	69	7
118	13	28	195	7
118	26	29	212	7
118	38	30	223	7
118	51	50	146	7
118	64	46	125	7
118	76	44	125	7
118	90	44	125	7
118	103	44	175	7
118	116	44	90	7
118	128	45	92	7
118	141	58	87	7
118	154	67	0	7
118	166	67	245	7
118	180	68	29	7
119	0	28	70	7
119	13	28	195	7
119	26	29	223	7
119	38	31	211	7
119	51	51	225	7
119	64	45	126	7
119	76	45	124	7
119	90	44	126	7
119	103	44	175	7
119	116	44	92	7
119	128	46	91	7
119	141	58	89	7
119	154	68	271	7
119	166	67	245	7
119	180	68	29	7
121	0	28	69	7
121	13	28	196	7
121	26	29	201	7
121	38	31	213	7
121	51	51	146	7
121	64	46	125	7
121	76	45	125	7
121	90	43	125	7
121	103	43	174	7
121	116	44	91	7
121	128	46	89	7
121	141	57	90	7
121	154	67	0	7
121	166	66	35	7
121	180	68	29	7
122	0	28	70	7
122	13	28	195	7
122	26	29	216	7
122	38	31	224	7
122	51	51	144	7
122	64	46	125	7
122	76	45	124	7
122	90	43	124	7
122	103	43	174	7
122	116	44	91	7
122	128	46	90	7
122	141	58	92	7
122	154	68	0	7
122	166	66	244	7
122	180	68	29	7
123	0	28	70	7
123	13	28	195	7
123	26	29	212	7
123	38	30	223	7
123	51	51	145	7
123	64	45	125	7
123	76	45	124	7
123	90	44	124	7
123	103	43	189	7
123	116	44	91	7
123	128	46	91	7
123	141	58	89	7
123	154	68	0	7
123	166	67	245	7
123	180	69	29	7
125	0	28	69	7
125	13	28	195	7
125	26	29	225	7
125	38	31	213	7
125	51	51	145	7
125	64	46	126	7
125	76	44	124	7
125	90	43	124	7
125	103	44	193	7
125	116	44	186	7
125	128	46	94	7
125	141	57	88	7
125	154	68	270	7
125	166	67	245	7
125	180	68	29	7
126	0	29	68	7
126	13	28	197	7
126	26	29	203	7
126	38	32	224	7
126	51	51	143	7
126	64	46	126	7
126	76	45	124	7
126	90	44	126	7
126	103	43	175	7
126	116	44	91	7
126	128	46	91	7
126	141	58	86	7
126	154	67	0	7
126	166	67	245	7
126	180	67	29	7
127	0	29	68	7
127	13	28	197	7
127	26	28	213	7
127	38	31	211	7
127	51	51	146	7
127	64	46	126	7
127	76	45	124	7
127	90	44	124	7
127	103	43	175	7
127	116	44	89	7
127	128	45	90	7
127	141	59	89	7
127	154	68	271	7
127	166	66	244	7
127	180	69	29	7
128	0	28	68	7
128	13	28	195	7
128	26	29	216	7
128	38	31	218	7
128	51	50	145	7
128	64	45	124	7
128	76	45	124	7
128	90	43	126	7
128	103	43	175	7
128	116	44	90	7
128	128	47	88	7
128	141	58	88	7
128	154	67	270	7
128	166	66	244	7
128	180	68	29	7
130	0	28	70	7
130	13	28	195	7
130	26	29	203	7
130	38	31	210	7
130	51	51	141	7
130	64	45	124	7
130	76	44	124	7
130	90	44	126	7
130	103	44	173	7
130	116	44	91	7
130	128	45	92	7
130	141	57	86	7
130	154	67	0	7
130	166	68	244	7
130	180	69	29	7
131	0	28	69	7
131	13	28	197	7
131	26	29	215	7
131	38	31	217	7
131	51	51	146	7
131	64	45	126	7
131	76	45	125	7
131	90	44	125	7
131	103	43	176	7
131	116	44	91	7
131	128	46	90	7
131	141	58	91	7
131	154	68	0	7
131	166	67	247	7
131	180	69	29	7
132	0	28	69	7
132	13	28	195	7
132	26	29	216	7
132	38	30	223	7
132	51	51	145	7
132	64	46	126	7
132	76	45	124	7
132	90	43	126	7
132	103	44	174	7
132	116	44	91	7
132	128	46	90	7
132	141	58	90	7
132	154	68	0	7
132	166	67	247	7
132	180	69	29	7
134	0	31	77	8
134	13	31	76	8
134	26	31	77	8
134	38	32	86	8
134	51	96	85	8
134	64	94	291	8
134	76	94	54	8
134	90	94	52	8
134	103	94	52	8
134	116	96	54	8
134	128	97	60	8
134	141	111	59	8
134	154	172	50	8
134	166	77	47	8
134	180	75	32	8
135	0	31	76	8
135	13	31	76	8
135	26	31	78	8
135	38	31	86	8
135	51	98	87	8
135	64	97	276	8
135	76	94	53	8
135	90	95	52	8
135	103	94	52	8
135	116	95	54	8
135	128	96	61	8
135	141	112	59	8
135	154	170	50	8
135	166	76	47	8
135	180	76	32	8
136	0	32	76	8
136	13	30	76	8
136	26	31	77	8
136	38	32	86	8
136	51	97	86	8
136	64	95	279	8
136	76	94	54	8
136	90	95	52	8
136	103	94	52	8
136	116	95	53	8
136	128	96	61	8
136	141	115	59	8
136	154	171	50	8
136	166	76	47	8
136	180	76	32	8
137	0	32	76	8
137	13	31	76	8
137	26	31	78	8
137	38	31	88	8
137	51	96	87	8
137	64	95	90	8
137	76	94	54	8
137	90	94	52	8
137	103	94	52	8
137	116	96	53	8
137	128	97	61	8
137	141	112	58	8
137	154	170	49	8
137	166	77	47	8
137	180	75	32	8
138	0	31	77	8
138	13	30	76	8
138	26	31	78	8
138	38	32	85	8
138	51	98	86	8
138	64	95	291	8
138	76	96	54	8
138	90	94	52	8
138	103	94	52	8
138	116	95	53	8
138	128	98	61	8
138	141	112	59	8
138	154	170	50	8
138	166	76	47	8
138	180	76	32	8
139	0	32	76	8
139	13	30	76	8
139	26	31	77	8
139	38	32	86	8
139	51	98	86	8
139	64	95	0	8
139	76	94	53	8
139	90	94	52	8
139	103	94	51	8
139	116	95	54	8
139	128	98	62	8
139	141	112	59	8
139	154	170	50	8
139	166	77	49	8
139	180	76	32	8
140	0	32	76	8
140	13	31	77	8
140	26	30	77	8
140	38	32	88	8
140	51	96	86	8
140	64	95	312	8
140	76	94	53	8
140	90	94	52	8
140	103	94	51	8
140	116	94	54	8
140	128	96	62	8
140	141	112	59	8
140	154	170	50	8
140	166	77	47	8
140	180	75	32	8
141	0	32	77	8
141	13	30	76	8
141	26	30	77	8
141	38	32	86	8
141	51	96	86	8
141	64	95	91	8
141	76	94	54	8
141	90	94	53	8
141	103	94	51	8
141	116	95	54	8
141	128	96	63	8
141	141	112	59	8
141	154	173	50	8
141	166	76	49	8
141	180	75	32	8
143	0	31	77	8
143	13	30	77	8
143	26	31	77	8
143	38	32	87	8
143	51	98	87	8
143	64	95	87	8
143	76	94	54	8
143	90	94	52	8
143	103	94	52	8
143	116	95	54	8
143	128	99	61	8
143	141	110	59	8
143	154	78	50	8
143	166	77	47	8
143	180	76	32	8
144	0	31	77	8
144	13	30	76	8
144	26	31	78	8
144	38	32	86	8
144	51	100	86	8
144	64	97	291	8
144	76	94	54	8
144	90	94	52	8
144	103	95	51	8
144	116	94	54	8
144	128	96	61	8
144	141	112	59	8
144	154	171	50	8
144	166	76	47	8
144	180	75	33	8
145	0	31	77	8
145	13	31	76	8
145	26	31	78	8
145	38	31	87	8
145	51	96	86	8
145	64	95	312	8
145	76	95	54	8
145	90	95	52	8
145	103	94	52	8
145	116	96	54	8
145	128	100	61	8
145	141	112	59	8
145	154	79	49	8
145	166	77	47	8
145	180	76	32	8
146	0	31	76	8
146	13	30	76	8
146	26	31	78	8
146	38	32	87	8
146	51	99	86	8
146	64	96	304	8
146	76	95	54	8
146	90	94	52	8
146	103	95	52	8
146	116	97	54	8
146	128	96	61	8
146	141	113	59	8
146	154	170	50	8
146	166	76	47	8
146	180	76	32	8
147	0	32	77	8
147	13	31	76	8
147	26	31	77	8
147	38	32	86	8
147	51	96	87	8
147	64	97	291	8
147	76	95	54	8
147	90	94	52	8
147	103	94	52	8
147	116	96	54	8
147	128	99	60	8
147	141	110	59	8
147	154	174	50	8
147	166	77	47	8
147	180	76	32	8
148	0	31	76	8
148	13	31	76	8
148	26	31	77	8
148	38	32	87	8
148	51	97	86	8
148	64	96	0	8
148	76	95	54	8
148	90	93	52	8
148	103	95	51	8
148	116	95	54	8
148	128	96	62	8
148	141	111	59	8
148	154	78	50	8
148	166	76	47	8
148	180	75	32	8
149	0	31	76	8
149	13	31	76	8
149	26	31	77	8
149	38	32	85	8
149	51	99	88	8
149	64	95	311	8
149	76	94	54	8
149	90	94	52	8
149	103	94	51	8
149	116	95	53	8
149	128	96	62	8
149	141	113	59	8
149	154	170	50	8
149	166	77	47	8
149	180	76	32	8
150	0	32	77	8
150	13	31	76	8
150	26	31	77	8
150	38	32	85	8
150	51	98	87	8
150	64	96	89	8
150	76	94	54	8
150	90	94	52	8
150	103	94	51	8
150	116	95	53	8
150	128	98	61	8
150	141	110	60	8
150	154	78	50	8
150	166	76	47	8
150	180	75	32	8
152	0	31	76	8
152	13	31	76	8
152	26	31	77	8
152	38	32	86	8
152	51	98	87	8
152	64	95	0	8
152	76	95	54	8
152	90	95	52	8
152	103	94	52	8
152	116	95	53	8
152	128	96	62	8
152	141	110	59	8
152	154	172	50	8
152	166	76	47	8
152	180	75	32	8
153	0	32	77	8
153	13	31	76	8
153	26	31	77	8
153	38	32	86	8
153	51	98	86	8
153	64	95	89	8
153	76	94	53	8
153	90	94	53	8
153	103	95	51	8
153	116	95	54	8
153	128	97	62	8
153	141	110	59	8
153	154	170	50	8
153	166	76	47	8
153	180	76	32	8
154	0	32	77	8
154	13	30	76	8
154	26	31	76	8
154	38	31	86	8
154	51	97	86	8
154	64	95	89	8
154	76	95	54	8
154	90	94	52	8
154	103	94	52	8
154	116	94	54	8
154	128	101	62	8
154	141	111	59	8
154	154	78	50	8
154	166	76	47	8
154	180	76	32	8
156	0	27	226	9
156	13	26	226	9
156	26	26	106	9
156	38	27	105	9
156	51	268	104	9
156	64	66	88	9
156	76	65	90	9
156	90	65	83	9
156	103	66	84	9
156	116	78	84	9
156	128	80	86	9
156	141	148	85	9
156	154	342	91	9
156	166	225	141	9
156	180	226	28	9
157	0	27	226	9
157	13	26	110	9
157	26	26	109	9
157	38	28	105	9
157	51	268	105	9
157	64	66	90	9
157	76	65	84	9
157	90	65	84	9
157	103	65	86	9
157	116	68	85	9
157	128	81	87	9
157	141	149	88	9
157	154	228	87	9
157	166	225	142	9
157	180	225	28	9
158	0	28	226	9
158	13	26	226	9
158	26	26	106	9
158	38	28	105	9
158	51	268	105	9
158	64	66	88	9
158	76	65	85	9
158	90	65	83	9
158	103	66	84	9
158	116	78	84	9
158	128	80	87	9
158	141	148	87	9
158	154	226	89	9
158	166	225	0	9
158	180	225	28	9
159	0	27	227	9
159	13	26	107	9
159	26	26	108	9
159	38	28	106	9
159	51	268	106	9
159	64	66	106	9
159	76	65	86	9
159	90	65	84	9
159	103	65	84	9
159	116	78	85	9
159	128	79	85	9
159	141	151	85	9
159	154	237	87	9
159	166	226	0	9
159	180	226	28	9
160	0	27	226	9
160	13	26	226	9
160	26	26	87	9
160	38	27	104	9
160	51	268	104	9
160	64	66	88	9
160	76	65	85	9
160	90	65	84	9
160	103	66	83	9
160	116	68	83	9
160	128	81	86	9
160	141	149	86	9
160	154	226	87	9
160	166	225	141	9
160	180	198	28	9
161	0	27	227	9
161	13	26	227	9
161	26	26	105	9
161	38	27	105	9
161	51	267	105	9
161	64	66	105	9
161	76	66	85	9
161	90	65	84	9
161	103	65	83	9
161	116	67	85	9
161	128	81	87	9
161	141	149	85	9
161	154	340	86	9
161	166	226	0	9
161	180	225	28	9
162	0	27	226	9
162	13	26	226	9
162	26	26	107	9
162	38	27	105	9
162	51	268	104	9
162	64	66	89	9
162	76	65	85	9
162	90	65	83	9
162	103	65	83	9
162	116	69	84	9
162	128	79	86	9
162	141	158	86	9
162	154	229	93	9
162	166	225	142	9
162	180	225	28	9
163	0	28	227	9
163	13	26	111	9
163	26	26	107	9
163	38	28	104	9
163	51	0	106	9
163	64	39	110	9
163	76	65	85	9
163	90	65	84	9
163	103	66	82	9
163	116	68	83	9
163	128	81	85	9
163	141	149	86	9
163	154	228	86	9
163	166	228	0	9
163	180	225	28	9
165	0	27	226	9
165	13	26	225	9
165	26	26	107	9
165	38	28	105	9
165	51	269	104	9
165	64	66	104	9
165	76	65	88	9
165	90	65	83	9
165	103	66	84	9
165	116	78	84	9
165	128	80	87	9
165	141	148	86	9
165	154	228	89	9
165	166	225	142	9
165	180	226	28	9
166	0	28	226	9
166	13	26	231	9
166	26	26	106	9
166	38	27	105	9
166	51	270	106	9
166	64	66	87	9
166	76	65	86	9
166	90	65	82	9
166	103	66	84	9
166	116	79	83	9
166	128	79	85	9
166	141	148	87	9
166	154	227	87	9
166	166	225	0	9
166	180	226	28	9
167	0	28	226	9
167	13	26	88	9
167	26	26	106	9
167	38	27	105	9
167	51	269	104	9
167	64	66	90	9
167	76	65	90	9
167	90	65	84	9
167	103	66	84	9
167	116	78	84	9
167	128	81	85	9
167	141	156	86	9
167	154	227	86	9
167	166	225	0	9
167	180	225	28	9
168	0	28	225	9
168	13	26	223	9
168	26	26	88	9
168	38	27	105	9
168	51	271	104	9
168	64	66	105	9
168	76	65	91	9
168	90	65	84	9
168	103	66	84	9
168	116	78	84	9
168	128	79	86	9
168	141	151	85	9
168	154	226	86	9
168	166	225	142	9
168	180	225	28	9
169	0	28	226	9
169	13	26	227	9
169	26	26	107	9
169	38	27	105	9
169	51	268	104	9
169	64	66	86	9
169	76	65	86	9
169	90	65	83	9
169	103	66	84	9
169	116	78	83	9
169	128	79	86	9
169	141	148	88	9
169	154	228	87	9
169	166	226	142	9
169	180	225	28	9
170	0	28	226	9
170	13	26	225	9
170	26	26	109	9
170	38	27	106	9
170	51	270	105	9
170	64	66	88	9
170	76	65	85	9
170	90	65	83	9
170	103	65	84	9
170	116	68	83	9
170	128	79	85	9
170	141	149	87	9
170	154	228	88	9
170	166	226	0	9
170	180	225	28	9
171	0	28	226	9
171	13	26	222	9
171	26	26	107	9
171	38	27	105	9
171	51	270	104	9
171	64	66	106	9
171	76	65	90	9
171	90	65	84	9
171	103	65	84	9
171	116	68	84	9
171	128	80	87	9
171	141	151	88	9
171	154	227	89	9
171	166	226	142	9
171	180	225	28	9
172	0	27	226	9
172	13	26	198	9
172	26	26	88	9
172	38	27	105	9
172	51	268	107	9
172	64	67	106	9
172	76	65	85	9
172	90	65	83	9
172	103	65	86	9
172	116	68	84	9
172	128	80	85	9
172	141	149	87	9
172	154	226	92	9
172	166	225	141	9
172	180	225	28	9
174	0	27	230	9
174	13	26	230	9
174	26	26	88	9
174	38	27	104	9
174	51	271	106	9
174	64	66	89	9
174	76	65	88	9
174	90	65	84	9
174	103	65	83	9
174	116	78	84	9
174	128	80	86	9
174	141	150	85	9
174	154	227	87	9
174	166	226	0	9
174	180	226	27	9
175	0	28	225	9
175	13	26	234	9
175	26	26	106	9
175	38	27	105	9
175	51	270	105	9
175	64	66	106	9
175	76	65	87	9
175	90	65	82	9
175	103	65	84	9
175	116	78	84	9
175	128	80	85	9
175	141	152	86	9
175	154	227	86	9
175	166	229	143	9
175	180	225	28	9
176	0	28	227	9
176	13	26	226	9
176	26	26	106	9
176	38	27	106	9
176	51	268	107	9
176	64	66	90	9
176	76	65	86	9
176	90	65	84	9
176	103	65	87	9
176	116	78	85	9
176	128	80	87	9
176	141	149	85	9
176	154	227	87	9
176	166	225	142	9
176	180	225	28	9
178	0	21	227	10
178	13	22	228	10
178	26	21	91	10
178	38	22	92	10
178	51	103	92	10
178	64	38	126	10
178	76	37	111	10
178	90	49	111	10
178	103	49	103	10
178	116	49	103	10
178	128	50	100	10
178	141	125	110	10
178	154	132	114	10
178	166	227	153	10
178	180	225	21	10
182	0	21	228	10
182	13	22	227	10
182	26	21	91	10
182	38	22	91	10
182	51	97	92	10
182	64	37	128	10
182	76	36	110	10
182	90	49	110	10
182	103	49	106	10
182	116	49	98	10
182	128	51	107	10
182	141	124	111	10
182	154	133	115	10
182	166	226	24	10
182	180	227	21	10
183	0	21	226	10
183	13	22	228	10
183	26	21	92	10
183	38	23	94	10
183	51	98	95	10
183	64	37	126	10
183	76	36	113	10
183	90	49	111	10
183	103	49	109	10
183	116	50	105	10
183	128	50	97	10
183	141	124	112	10
183	154	134	120	10
183	166	226	25	10
183	180	225	21	10
185	0	21	226	10
185	13	22	227	10
185	26	21	93	10
185	38	22	92	10
185	51	101	96	10
185	64	37	129	10
185	76	36	110	10
185	90	48	110	10
185	103	49	110	10
185	116	50	98	10
185	128	50	98	10
185	141	126	110	10
185	154	135	115	10
185	166	225	25	10
185	180	227	21	10
188	0	21	227	10
188	13	22	226	10
188	26	21	93	10
188	38	22	92	10
188	51	101	93	10
188	64	37	126	10
188	76	36	111	10
188	90	49	109	10
188	103	49	111	10
188	116	49	100	10
188	128	50	106	10
188	141	125	113	10
188	154	132	114	10
188	166	132	154	10
188	180	225	21	10
189	0	21	231	10
189	13	22	225	10
189	26	21	92	10
189	38	22	91	10
189	51	98	92	10
189	64	38	128	10
189	76	36	112	10
189	90	49	107	10
189	103	49	105	10
189	116	49	98	10
189	128	50	105	10
189	141	125	110	10
189	154	324	117	10
189	166	226	152	10
189	180	225	21	10
190	0	21	232	10
190	13	22	227	10
190	26	21	92	10
190	38	22	91	10
190	51	99	92	10
190	64	37	128	10
190	76	36	114	10
190	90	49	108	10
190	103	49	105	10
190	116	50	105	10
190	128	50	99	10
190	141	124	106	10
190	154	131	114	10
190	166	226	24	10
190	180	227	21	10
192	0	21	230	10
192	13	22	227	10
192	26	21	92	10
192	38	22	91	10
192	51	101	92	10
192	64	37	126	10
192	76	36	111	10
192	90	49	109	10
192	103	49	110	10
192	116	50	98	10
192	128	50	106	10
192	141	125	111	10
192	154	134	113	10
192	166	225	24	10
192	180	226	21	10
193	0	21	226	10
193	13	22	229	10
193	26	21	91	10
193	38	22	95	10
193	51	97	93	10
193	64	37	117	10
193	76	36	113	10
193	90	49	109	10
193	103	49	106	10
193	116	49	99	10
193	128	50	107	10
193	141	123	110	10
193	154	132	121	10
193	166	227	24	10
193	180	225	21	10
194	0	21	230	10
194	13	22	229	10
194	26	21	231	10
194	38	22	91	10
194	51	101	93	10
194	64	38	126	10
194	76	36	112	10
194	90	49	111	10
194	103	49	109	10
194	116	49	97	10
194	128	50	107	10
194	141	124	111	10
194	154	0	117	10
194	166	227	25	10
194	180	225	21	10
196	0	21	226	10
196	13	22	225	10
196	26	21	91	10
196	38	22	94	10
196	51	101	91	10
196	64	38	126	10
196	76	36	112	10
196	90	48	111	10
196	103	49	106	10
196	116	49	99	10
196	128	50	107	10
196	141	125	111	10
196	154	0	113	10
196	166	226	25	10
196	180	226	21	10
197	0	21	226	10
197	13	22	226	10
197	26	21	93	10
197	38	22	94	10
197	51	102	93	10
197	64	37	126	10
197	76	36	112	10
197	90	49	111	10
197	103	49	105	10
197	116	49	98	10
197	128	50	105	10
197	141	125	111	10
197	154	131	117	10
197	166	225	154	10
197	180	225	21	10
200	0	87	165	11
200	13	85	163	11
200	26	87	165	11
200	38	86	167	11
200	51	101	194	11
200	64	98	88	11
200	76	103	78	11
200	90	105	79	11
200	103	129	79	11
200	116	128	87	11
200	128	130	110	11
200	141	158	110	11
200	154	167	92	11
200	166	166	88	11
200	180	164	86	11
201	0	86	164	11
201	13	85	164	11
201	26	86	165	11
201	38	87	166	11
201	51	99	193	11
201	64	98	86	11
201	76	97	79	11
201	90	106	77	11
201	103	126	79	11
201	116	129	89	11
201	128	129	109	11
201	141	297	111	11
201	154	180	98	11
201	166	164	87	11
201	180	163	86	11
211	0	87	164	11
211	13	86	163	11
211	26	86	164	11
211	38	87	167	11
211	51	101	0	11
211	64	99	88	11
211	76	98	78	11
211	90	105	79	11
211	103	126	78	11
211	116	128	88	11
211	128	126	109	11
211	141	156	109	11
211	154	166	96	11
211	166	164	88	11
211	180	163	86	11
214	0	87	164	11
214	13	86	164	11
214	26	86	164	11
214	38	87	166	11
214	51	103	92	11
214	64	99	89	11
214	76	98	79	11
214	90	106	78	11
214	103	128	78	11
214	116	126	88	11
214	128	129	111	11
214	141	181	110	11
214	154	168	98	11
214	166	165	87	11
214	180	164	86	11
251	0	80	171	12
251	13	81	166	12
251	26	80	100	12
251	38	84	103	12
251	51	85	101	12
251	64	83	108	12
251	76	98	106	12
251	90	96	106	12
251	103	95	107	12
251	116	96	109	12
251	128	96	135	12
251	141	97	136	12
251	154	165	145	12
251	166	165	89	12
251	180	164	82	12
252	0	82	170	12
252	13	80	168	12
252	26	80	100	12
252	38	83	100	12
252	51	85	97	12
252	64	82	106	12
252	76	99	107	12
252	90	96	59	12
252	103	97	106	12
252	116	95	109	12
252	128	97	113	12
252	141	99	138	12
252	154	166	145	12
252	166	164	87	12
252	180	164	83	12
253	0	82	166	12
253	13	80	167	12
253	26	80	100	12
253	38	83	98	12
253	51	84	99	12
253	64	83	106	12
253	76	100	106	12
253	90	96	59	12
253	103	96	109	12
253	116	95	112	12
253	128	96	113	12
253	141	99	139	12
253	154	165	145	12
253	166	165	86	12
253	180	164	83	12
254	0	82	171	12
254	13	80	167	12
254	26	80	100	12
254	38	83	99	12
254	51	84	104	12
254	64	82	108	12
254	76	99	107	12
254	90	98	60	12
254	103	96	107	12
254	116	95	110	12
254	128	96	111	12
254	141	97	137	12
254	154	166	145	12
254	166	165	87	12
254	180	164	83	12
255	0	81	170	12
255	13	81	168	12
255	26	80	102	12
255	38	84	93	12
255	51	84	99	12
255	64	82	106	12
255	76	99	106	12
255	90	98	60	12
255	103	95	107	12
255	116	95	108	12
255	128	95	113	12
255	141	99	138	12
255	154	168	145	12
255	166	165	85	12
255	180	164	83	12
256	0	81	172	12
256	13	80	166	12
256	26	80	99	12
256	38	83	100	12
256	51	85	100	12
256	64	83	106	12
256	76	102	106	12
256	90	96	106	12
256	103	97	106	12
256	116	95	111	12
256	128	95	112	12
256	141	97	137	12
256	154	167	155	12
256	166	164	87	12
256	180	166	83	12
257	0	81	171	12
257	13	81	167	12
257	26	80	101	12
257	38	83	93	12
257	51	84	100	12
257	64	83	111	12
257	76	103	106	12
257	90	97	60	12
257	103	96	107	12
257	116	95	108	12
257	128	96	137	12
257	141	98	142	12
257	154	165	146	12
257	166	164	84	12
257	180	164	83	12
258	0	82	165	12
258	13	81	167	12
258	26	80	101	12
258	38	84	98	12
258	51	84	101	12
258	64	83	107	12
258	76	97	106	12
258	90	96	59	12
258	103	96	107	12
258	116	95	108	12
258	128	96	112	12
258	141	98	140	12
258	154	166	154	12
258	166	165	90	12
258	180	165	83	12
260	0	81	170	12
260	13	80	167	12
260	26	80	100	12
260	38	83	99	12
260	51	84	99	12
260	64	82	107	12
260	76	99	106	12
260	90	98	59	12
260	103	95	106	12
260	116	96	109	12
260	128	95	138	12
260	141	100	139	12
260	154	165	146	12
260	166	166	84	12
260	180	165	82	12
261	0	82	168	12
261	13	80	167	12
261	26	80	99	12
261	38	84	100	12
261	51	85	98	12
261	64	83	107	12
261	76	98	108	12
261	90	100	60	12
261	103	94	106	12
261	116	95	108	12
261	128	96	136	12
261	141	100	138	12
261	154	165	147	12
261	166	165	85	12
261	180	166	83	12
262	0	82	172	12
262	13	81	167	12
262	26	80	99	12
262	38	84	100	12
262	51	85	98	12
262	64	83	106	12
262	76	99	106	12
262	90	97	59	12
262	103	96	106	12
262	116	96	108	12
262	128	95	137	12
262	141	97	140	12
262	154	166	145	12
262	166	164	92	12
262	180	165	82	12
263	0	81	170	12
263	13	81	166	12
263	26	80	100	12
263	38	83	98	12
263	51	84	99	12
263	64	83	108	12
263	76	99	107	12
263	90	96	59	12
263	103	95	109	12
263	116	97	112	12
263	128	96	112	12
263	141	97	137	12
263	154	165	145	12
263	166	165	84	12
263	180	165	83	12
264	0	81	170	12
264	13	80	166	12
264	26	79	99	12
264	38	83	93	12
264	51	84	98	12
264	64	83	106	12
264	76	101	106	12
264	90	98	59	12
264	103	94	108	12
264	116	95	108	12
264	128	96	112	12
264	141	168	137	12
264	154	166	97	12
264	166	165	85	12
264	180	166	83	12
265	0	83	171	12
265	13	80	166	12
265	26	80	99	12
265	38	84	100	12
265	51	84	105	12
265	64	82	107	12
265	76	98	107	12
265	90	100	59	12
265	103	95	108	12
265	116	96	110	12
265	128	96	112	12
265	141	97	139	12
265	154	166	146	12
265	166	164	84	12
265	180	164	83	12
266	0	81	170	12
266	13	81	167	12
266	26	80	99	12
266	38	84	98	12
266	51	84	98	12
266	64	83	107	12
266	76	101	107	12
266	90	96	60	12
266	103	96	108	12
266	116	97	108	12
266	128	95	112	12
266	141	97	137	12
266	154	165	147	12
266	166	165	93	12
266	180	164	83	12
267	0	83	173	12
267	13	80	167	12
267	26	80	100	12
267	38	83	93	12
267	51	85	98	12
267	64	83	108	12
267	76	101	106	12
267	90	97	109	12
267	103	96	106	12
267	116	97	110	12
267	128	95	111	12
267	141	101	138	12
267	154	165	95	12
267	166	164	86	12
267	180	164	81	12
269	0	81	171	12
269	13	80	166	12
269	26	80	101	12
269	38	83	99	12
269	51	85	98	12
269	64	83	106	12
269	76	101	106	12
269	90	97	59	12
269	103	95	107	12
269	116	95	112	12
269	128	96	112	12
269	141	168	140	12
269	154	166	95	12
269	166	165	91	12
269	180	164	82	12
270	0	81	166	12
270	13	81	167	12
270	26	80	100	12
270	38	83	100	12
270	51	85	99	12
270	64	83	107	12
270	76	101	107	12
270	90	98	59	12
270	103	96	107	12
270	116	97	108	12
270	128	96	135	12
270	141	98	144	12
270	154	167	146	12
270	166	165	84	12
270	180	166	82	12
271	0	82	170	12
271	13	81	167	12
271	26	80	100	12
271	38	84	98	12
271	51	84	99	12
271	64	83	107	12
271	76	101	106	12
271	90	97	61	12
271	103	95	108	12
271	116	96	109	12
271	128	95	137	12
271	141	98	144	12
271	154	166	147	12
271	166	165	85	12
271	180	164	81	12
273	0	94	165	13
273	13	73	166	13
273	26	72	165	13
273	38	74	179	13
273	51	93	95	13
273	64	76	92	13
273	76	73	92	13
273	90	73	100	13
273	103	67	134	13
273	116	66	140	13
273	128	66	169	13
273	141	68	171	13
273	154	165	95	13
273	166	166	97	13
273	180	164	77	13
274	0	75	164	13
274	13	72	163	13
274	26	72	164	13
274	38	73	175	13
274	51	94	95	13
274	64	75	93	13
274	76	74	88	13
274	90	72	95	13
274	103	67	135	13
274	116	66	137	13
274	128	67	172	13
274	141	67	174	13
274	154	167	93	13
274	166	164	93	13
274	180	163	75	13
275	0	76	165	13
275	13	72	163	13
275	26	72	166	13
275	38	74	173	13
275	51	92	96	13
275	64	75	93	13
275	76	74	91	13
275	90	72	97	13
275	103	67	135	13
275	116	66	137	13
275	128	65	175	13
275	141	67	174	13
275	154	166	95	13
275	166	166	93	13
275	180	163	77	13
276	0	76	164	13
276	13	72	164	13
276	26	72	165	13
276	38	74	172	13
276	51	94	95	13
276	64	75	88	13
276	76	74	88	13
276	90	72	98	13
276	103	67	135	13
276	116	65	141	13
276	128	66	171	13
276	141	68	173	13
276	154	165	94	13
276	166	164	92	13
276	180	163	76	13
277	0	76	164	13
277	13	72	163	13
277	26	73	164	13
277	38	74	180	13
277	51	92	95	13
277	64	75	87	13
277	76	74	89	13
277	90	72	95	13
277	103	68	135	13
277	116	67	139	13
277	128	66	172	13
277	141	68	98	13
277	154	165	95	13
277	166	167	90	13
277	180	165	103	13
278	0	76	164	13
278	13	72	163	13
278	26	73	166	13
278	38	73	176	13
278	51	92	95	13
278	64	75	90	13
278	76	74	89	13
278	90	73	98	13
278	103	68	135	13
278	116	65	136	13
278	128	66	174	13
278	141	68	121	13
278	154	165	94	13
278	166	164	94	13
278	180	163	79	13
279	0	75	164	13
279	13	72	164	13
279	26	72	165	13
279	38	74	172	13
279	51	93	96	13
279	64	75	93	13
279	76	74	90	13
279	90	72	98	13
279	103	68	136	13
279	116	67	137	13
279	128	66	172	13
279	141	68	121	13
279	154	167	96	13
279	166	165	92	13
279	180	163	78	13
280	0	77	165	13
280	13	72	166	13
280	26	72	165	13
280	38	73	179	13
280	51	92	96	13
280	64	75	92	13
280	76	74	89	13
280	90	72	96	13
280	103	67	134	13
280	116	66	141	13
280	128	66	172	13
280	141	67	173	13
280	154	166	94	13
280	166	164	91	13
280	180	162	76	13
282	0	75	165	13
282	13	72	164	13
282	26	72	166	13
282	38	73	173	13
282	51	93	97	13
282	64	75	93	13
282	76	73	89	13
282	90	72	95	13
282	103	68	134	13
282	116	65	138	13
282	128	66	171	13
282	141	68	174	13
282	154	167	95	13
282	166	164	91	13
282	180	163	76	13
283	0	75	165	13
283	13	72	166	13
283	26	72	171	13
283	38	74	126	13
283	51	92	104	13
283	64	75	88	13
283	76	73	88	13
283	90	73	95	13
283	103	67	135	13
283	116	66	140	13
283	128	65	173	13
283	141	67	174	13
283	154	167	96	13
283	166	164	92	13
283	180	163	77	13
284	0	75	164	13
284	13	72	164	13
284	26	72	165	13
284	38	75	125	13
284	51	92	95	13
284	64	76	93	13
284	76	73	91	13
284	90	72	96	13
284	103	67	135	13
284	116	66	136	13
284	128	66	174	13
284	141	67	174	13
284	154	166	96	13
284	166	165	94	13
284	180	163	76	13
285	0	76	164	13
285	13	72	166	13
285	26	72	182	13
285	38	74	173	13
285	51	94	95	13
285	64	76	90	13
285	76	73	91	13
285	90	72	95	13
285	103	67	135	13
285	116	66	138	13
285	128	66	172	13
285	141	67	173	13
285	154	167	94	13
285	166	164	94	13
285	180	163	76	13
286	0	75	164	13
286	13	72	164	13
286	26	72	166	13
286	38	74	178	13
286	51	92	95	13
286	64	75	93	13
286	76	74	90	13
286	90	72	96	13
286	103	67	136	13
286	116	66	137	13
286	128	66	144	13
286	141	68	174	13
286	154	165	97	13
286	166	164	94	13
286	180	164	75	13
287	0	77	166	13
287	13	73	165	13
287	26	72	164	13
287	38	74	179	13
287	51	93	94	13
287	64	76	93	13
287	76	73	90	13
287	90	72	96	13
287	103	68	135	13
287	116	66	142	13
287	128	67	174	13
287	141	67	173	13
287	154	165	95	13
287	166	164	93	13
287	180	163	75	13
288	0	76	164	13
288	13	72	164	13
288	26	72	165	13
288	38	74	148	13
288	51	92	97	13
288	64	75	93	13
288	76	73	89	13
288	90	72	96	13
288	103	68	135	13
288	116	65	136	13
288	128	66	171	13
288	141	68	173	13
288	154	165	94	13
288	166	164	91	13
288	180	163	75	13
290	0	74	164	13
290	13	72	165	13
290	26	72	165	13
290	38	74	174	13
290	51	92	94	13
290	64	76	94	13
290	76	73	89	13
290	90	73	96	13
290	103	67	134	13
290	116	66	142	13
290	128	66	173	13
290	141	68	174	13
290	154	167	93	13
290	166	163	95	13
290	180	163	75	13
291	0	75	167	13
291	13	72	164	13
291	26	72	164	13
291	38	74	173	13
291	51	93	95	13
291	64	75	89	13
291	76	73	91	13
291	90	73	96	13
291	103	67	135	13
291	116	66	139	13
291	128	66	174	13
291	141	68	172	13
291	154	167	98	13
291	166	164	92	13
291	180	163	77	13
292	0	75	164	13
292	13	71	164	13
292	26	72	164	13
292	38	75	174	13
292	51	92	94	13
292	64	75	87	13
292	76	74	91	13
292	90	72	97	13
292	103	67	135	13
292	116	66	142	13
292	128	65	174	13
292	141	68	174	13
292	154	166	96	13
292	166	164	95	13
292	180	163	86	13
293	0	76	164	13
293	13	72	164	13
293	26	72	165	13
293	38	74	174	13
293	51	92	95	13
293	64	76	92	13
293	76	74	90	13
293	90	73	98	13
293	103	68	135	13
293	116	65	140	13
293	128	65	173	13
293	141	68	175	13
293	154	176	96	13
293	166	164	94	13
293	180	164	80	13
295	0	58	165	14
295	13	58	164	14
295	26	59	165	14
295	38	61	198	14
295	51	71	140	14
295	64	72	141	14
295	76	43	122	14
295	90	42	167	14
295	103	42	167	14
295	116	42	169	14
295	128	42	201	14
295	141	42	85	14
295	154	43	62	14
295	166	164	59	14
295	180	163	58	14
296	0	58	164	14
296	13	58	164	14
296	26	59	167	14
296	38	61	182	14
296	51	71	144	14
296	64	73	125	14
296	76	43	124	14
296	90	42	166	14
296	103	42	166	14
296	116	42	170	14
296	128	42	203	14
296	141	42	92	14
296	154	42	62	14
296	166	165	59	14
296	180	163	59	14
297	0	59	165	14
297	13	58	164	14
297	26	58	165	14
297	38	61	198	14
297	51	71	197	14
297	64	73	123	14
297	76	43	121	14
297	90	42	168	14
297	103	42	167	14
297	116	42	171	14
297	128	43	202	14
297	141	42	93	14
297	154	43	62	14
297	166	164	60	14
297	180	164	59	14
298	0	58	164	14
298	13	58	164	14
298	26	59	164	14
298	38	61	181	14
298	51	71	185	14
298	64	73	123	14
298	76	43	122	14
298	90	42	169	14
298	103	42	166	14
298	116	43	170	14
298	128	42	204	14
298	141	42	85	14
298	154	43	62	14
298	166	164	59	14
298	180	163	59	14
300	0	58	165	14
300	13	58	163	14
300	26	59	164	14
300	38	60	198	14
300	51	71	139	14
300	64	73	123	14
300	76	43	122	14
300	90	42	122	14
300	103	42	166	14
300	116	42	172	14
300	128	43	203	14
300	141	42	88	14
300	154	43	62	14
300	166	165	59	14
300	180	164	59	14
301	0	59	163	14
301	13	58	165	14
301	26	58	165	14
301	38	60	198	14
301	51	72	198	14
301	64	72	123	14
301	76	43	123	14
301	90	42	167	14
301	103	42	167	14
301	116	42	172	14
301	128	42	203	14
301	141	42	91	14
301	154	43	62	14
301	166	164	60	14
301	180	164	59	14
302	0	58	165	14
302	13	58	164	14
302	26	59	166	14
302	38	60	183	14
302	51	72	149	14
302	64	73	123	14
302	76	43	121	14
302	90	42	168	14
302	103	42	166	14
302	116	42	168	14
302	128	42	202	14
302	141	42	88	14
302	154	43	62	14
302	166	164	60	14
302	180	164	59	14
303	0	59	166	14
303	13	58	165	14
303	26	59	166	14
303	38	60	198	14
303	51	70	142	14
303	64	72	126	14
303	76	43	122	14
303	90	42	166	14
303	103	42	168	14
303	116	42	171	14
303	128	43	201	14
303	141	42	92	14
303	154	42	62	14
303	166	165	59	14
303	180	163	59	14
304	0	58	164	14
304	13	58	163	14
304	26	58	166	14
304	38	61	198	14
304	51	71	199	14
304	64	73	124	14
304	76	43	122	14
304	90	42	167	14
304	103	42	166	14
304	116	42	171	14
304	128	43	202	14
304	141	42	0	14
304	154	43	62	14
304	166	164	59	14
304	180	163	59	14
305	0	59	164	14
305	13	58	164	14
305	26	59	165	14
305	38	60	197	14
305	51	71	185	14
305	64	73	124	14
305	76	43	124	14
305	90	42	122	14
305	103	42	166	14
305	116	42	169	14
305	128	43	202	14
305	141	42	92	14
305	154	43	62	14
305	166	164	59	14
305	180	163	59	14
306	0	58	165	14
306	13	58	163	14
306	26	59	168	14
306	38	60	199	14
306	51	70	198	14
306	64	73	124	14
306	76	43	125	14
306	90	42	166	14
306	103	42	166	14
306	116	42	170	14
306	128	43	210	14
306	141	42	86	14
306	154	43	63	14
306	166	165	59	14
306	180	163	59	14
308	0	59	167	14
308	13	58	163	14
308	26	59	167	14
308	38	60	197	14
308	51	71	184	14
308	64	73	124	14
308	76	43	122	14
308	90	42	167	14
308	103	42	168	14
308	116	42	170	14
308	128	42	203	14
308	141	42	87	14
308	154	42	62	14
308	166	163	59	14
308	180	163	58	14
310	0	58	164	14
310	13	58	119	14
310	26	59	135	14
310	38	61	141	14
310	51	71	134	14
310	64	73	123	14
310	76	43	122	14
310	90	42	167	14
310	103	42	167	14
310	116	43	167	14
310	128	44	204	14
310	141	72	86	14
310	154	76	62	14
310	166	164	59	14
310	180	164	59	14
311	0	59	165	14
311	13	58	163	14
311	26	59	166	14
311	38	61	197	14
311	51	71	146	14
311	64	73	123	14
311	76	43	123	14
311	90	42	166	14
311	103	42	167	14
311	116	43	170	14
311	128	45	203	14
311	141	72	86	14
311	154	74	63	14
311	166	164	59	14
311	180	163	59	14
312	0	58	164	14
312	13	58	164	14
312	26	59	165	14
312	38	60	197	14
312	51	71	199	14
312	64	72	124	14
312	76	43	124	14
312	90	42	122	14
312	103	42	167	14
312	116	42	170	14
312	128	44	202	14
312	141	57	85	14
312	154	74	62	14
312	166	165	59	14
312	180	163	59	14
313	0	59	164	14
313	13	58	164	14
313	26	58	167	14
313	38	60	198	14
313	51	71	143	14
313	64	73	123	14
313	76	43	125	14
313	90	42	166	14
313	103	42	166	14
313	116	43	171	14
313	128	45	203	14
313	141	57	94	14
313	154	75	62	14
313	166	163	59	14
313	180	164	59	14
314	0	58	164	14
314	13	58	165	14
314	26	59	165	14
314	38	60	199	14
314	51	71	141	14
314	64	72	124	14
314	76	42	122	14
314	90	42	167	14
314	103	42	168	14
314	116	43	169	14
314	128	44	203	14
314	141	58	92	14
314	154	75	62	14
314	166	165	59	14
314	180	163	59	14
315	0	58	164	14
315	13	58	164	14
315	26	59	165	14
315	38	61	198	14
315	51	70	151	14
315	64	73	126	14
315	76	43	122	14
315	90	42	167	14
315	103	42	167	14
315	116	43	168	14
315	128	45	201	14
315	141	73	88	14
315	154	75	62	14
315	166	167	59	14
315	180	163	59	14
317	0	117	133	15
317	13	126	98	15
317	26	116	97	15
317	38	115	135	15
317	51	123	144	15
317	64	119	142	15
317	76	125	26	15
317	90	147	24	15
317	103	124	23	15
317	116	132	25	15
317	128	154	154	15
317	141	135	128	15
317	154	134	125	15
317	166	132	118	15
317	180	133	115	15
318	0	116	136	15
318	13	115	131	15
318	26	115	97	15
318	38	117	134	15
318	51	118	148	15
318	64	72	0	15
318	76	124	26	15
318	90	136	24	15
318	103	125	24	15
318	116	132	25	15
318	128	151	153	15
318	141	135	126	15
318	154	133	126	15
318	166	133	119	15
318	180	132	115	15
319	0	116	133	15
319	13	115	133	15
319	26	116	98	15
319	38	116	134	15
319	51	117	150	15
319	64	122	192	15
319	76	124	26	15
319	90	134	24	15
319	103	124	24	15
319	116	129	25	15
319	128	151	152	15
319	141	135	126	15
319	154	133	125	15
319	166	133	119	15
319	180	132	117	15
320	0	116	133	15
320	13	115	133	15
320	26	115	132	15
320	38	116	135	15
320	51	123	148	15
320	64	118	194	15
320	76	123	25	15
320	90	135	24	15
320	103	130	24	15
320	116	131	25	15
320	128	151	152	15
320	141	137	125	15
320	154	133	120	15
320	166	132	117	15
320	180	133	116	15
321	0	116	133	15
321	13	115	96	15
321	26	115	133	15
321	38	116	134	15
321	51	121	150	15
321	64	121	193	15
321	76	125	26	15
321	90	149	24	15
321	103	131	24	15
321	116	132	25	15
321	128	151	155	15
321	141	136	124	15
321	154	133	126	15
321	166	133	118	15
321	180	129	116	15
326	0	116	133	15
326	13	115	132	15
326	26	115	132	15
326	38	116	135	15
326	51	117	153	15
326	64	119	194	15
326	76	124	26	15
326	90	148	24	15
326	103	122	24	15
326	116	150	25	15
326	128	151	154	15
326	141	135	128	15
326	154	134	125	15
326	166	133	117	15
326	180	132	115	15
327	0	115	133	15
327	13	115	132	15
327	26	115	133	15
327	38	116	134	15
327	51	118	147	15
327	64	118	197	15
327	76	123	26	15
327	90	148	24	15
327	103	123	24	15
327	116	129	25	15
327	128	152	151	15
327	141	273	125	15
327	154	136	124	15
327	166	133	117	15
327	180	132	116	15
328	0	115	133	15
328	13	117	132	15
328	26	115	133	15
328	38	115	134	15
328	51	118	150	15
328	64	122	193	15
328	76	123	26	15
328	90	134	24	15
328	103	124	24	15
328	116	129	25	15
328	128	154	153	15
328	141	163	126	15
328	154	134	125	15
328	166	133	116	15
328	180	98	116	15
329	0	116	132	15
329	13	115	132	15
329	26	115	132	15
329	38	116	134	15
329	51	118	149	15
329	64	118	194	15
329	76	124	26	15
329	90	139	24	15
329	103	121	24	15
329	116	130	25	15
329	128	152	154	15
329	141	136	126	15
329	154	134	125	15
329	166	133	119	15
329	180	132	116	15
330	0	118	135	15
330	13	116	132	15
330	26	115	133	15
330	38	115	135	15
330	51	117	150	15
330	64	118	193	15
330	76	124	26	15
330	90	149	24	15
330	103	124	24	15
330	116	150	25	15
330	128	69	151	15
330	141	153	152	15
330	154	134	125	15
330	166	132	117	15
330	180	133	116	15
335	0	116	132	15
335	13	115	131	15
335	26	115	132	15
335	38	116	134	15
335	51	117	144	15
335	64	118	196	15
335	76	124	26	15
335	90	150	24	15
335	103	149	24	15
335	116	130	25	15
335	128	151	185	15
335	141	135	131	15
335	154	133	125	15
335	166	133	117	15
335	180	133	118	15
336	0	115	132	15
336	13	115	132	15
336	26	115	132	15
336	38	116	143	15
336	51	122	150	15
336	64	118	194	15
336	76	125	26	15
336	90	148	24	15
336	103	138	24	15
336	116	131	25	15
336	128	150	155	15
336	141	154	125	15
336	154	133	126	15
336	166	133	116	15
336	180	132	118	15
337	0	116	133	15
337	13	116	132	15
337	26	115	133	15
337	38	118	133	15
337	51	122	148	15
337	64	119	195	15
337	76	125	26	15
337	90	149	24	15
337	103	151	24	15
337	116	129	25	15
337	128	151	153	15
337	141	135	125	15
337	154	134	125	15
337	166	132	117	15
337	180	132	116	15
